tensor([[26.,  0., 14.],
        [26.,  8., 56.],
        [26., 18.,  8.],
        [26., 18., 24.],
        [26., 18., 48.],
        [26., 18., 40.],
        [26.,  8., 66.],
        [26., 28., 58.],
        [26., 36., 24.],
        [51., 18., 29.],
        [ 0., 18., 29.],
        [26.,  2.,  4.],
        [26., 18.,  0.]], dtype=torch.float64)
----------------------------------
tensor([ 7,  8,  2,  5,  6, 11, 10,  9,  4,  3, 13,  1, 12], dtype=torch.int32)
----------------------------------
[ 7  8  2  5  6 11 10  9  4  1  3 12 13]
----------------------------------
[[25.6116  8.     65.8002]
 [25.6116 28.     57.8002]
 [25.6116  8.     56.0002]
 [25.6116 18.     48.0002]
 [25.6116 18.     40.0001]
 [ 0.     18.0001 29.3227]
 [51.2231 17.9999 29.3227]
 [25.6116 35.8    24.0001]
 [25.6116 18.     24.0001]
 [25.6115  0.     14.0004]
 [25.6116 18.      8.0001]
 [25.6115  2.      4.0001]
 [25.6116 18.      0.    ]]