tensor([[10., 70., 48.],
        [20., 10., 24.],
        [10., 50., 24.],
        [10., 90., 24.],
        [ 0., 10., 24.],
        [10., 70.,  0.],
        [10., 40.,  6.],
        [20., 90., 52.],
        [ 0., 90., 52.],
        [10., 90., 40.],
        [10., 60., 56.],
        [20.,  0.,  8.],
        [ 0.,  0.,  8.],
        [10., 30., 48.]], dtype=torch.float64)
----------------------------------
tensor([11,  1,  8,  9, 10, 14,  3,  4,  2,  5, 12, 13,  7,  6],
       dtype=torch.int32)
----------------------------------
[11  8  9  1 14 10  4  3  2  5 12 13  7  6]
----------------------------------
[[10.     60.     56.    ]
 [20.     90.0003 51.972 ]
 [ 0.     90.0003 51.972 ]
 [10.     70.     48.    ]
 [10.     30.     48.    ]
 [10.     90.     40.    ]
 [10.     90.     24.    ]
 [10.     50.     24.    ]
 [20.     10.     24.    ]
 [ 0.     10.     24.    ]
 [20.      0.      8.    ]
 [ 0.      0.      8.    ]
 [10.     40.      6.2   ]
 [10.     70.      0.    ]]