tensor([[ 19.,  50., 104.],
        [ 19.,  50.,  88.],
        [  9.,  30.,  72.],
        [ 19.,  60.,  72.],
        [ 19.,  90.,  64.],
        [ 19.,  90.,   0.],
        [ 29.,   0.,  74.],
        [ 19., 110.,  40.],
        [ 19.,  80.,  40.],
        [ 29.,  80., 120.],
        [ 29.,  20., 120.],
        [  9.,  80., 120.],
        [  9.,  20., 120.],
        [ 38.,  90.,  24.],
        [  0.,  90.,  24.],
        [ 19.,  90.,  16.]], dtype=torch.float64)
----------------------------------
tensor([10,  1, 12, 11, 13,  2,  7,  4,  3,  5,  8,  9, 14, 15, 16,  6],
       dtype=torch.int32)
----------------------------------
[10 12 11 13  1  2  7  4  3  5  8  9 14 15 16  6]
----------------------------------
[[ 29.25  80.   120.  ]
 [  9.25  80.   120.  ]
 [ 29.25  20.   120.  ]
 [  9.25  20.   120.  ]
 [ 19.25  50.   104.  ]
 [ 19.25  50.    88.  ]
 [ 29.25   0.    74.  ]
 [ 19.25  60.    72.  ]
 [  9.25  30.    72.  ]
 [ 19.25  90.    64.  ]
 [ 19.25 110.    40.  ]
 [ 19.25  80.    40.  ]
 [ 38.5   90.    24.  ]
 [  0.    90.    24.  ]
 [ 19.25  90.    16.  ]
 [ 19.25  90.     0.  ]]