tensor([[ 34., 108.,  62.],
        [ 44., 108.,  54.],
        [ 24., 108.,  54.],
        [ 34.,  88.,  46.],
        [ 34.,  58.,  38.],
        [ 34.,  58.,  30.],
        [ 34., 118.,  38.],
        [ 34., 118.,  30.],
        [ 34.,  88.,  14.],
        [ 44.,  68.,  12.],
        [ 24.,  68.,  12.],
        [ 44., 108.,  12.],
        [ 24., 108.,  12.],
        [ 34.,  88.,   0.],
        [ 60.,  98.,  30.],
        [  8.,  98.,  30.],
        [ 68.,  98.,  30.],
        [  0.,  98.,  30.],
        [ 34.,  28.,  38.],
        [ 34.,  14.,  18.],
        [ 44.,  28.,  20.],
        [ 24.,  28.,  20.],
        [ 22.,  88.,  30.],
        [ 46.,  88.,  30.],
        [ 34., 138.,  52.],
        [ 44.,  48.,  50.],
        [ 24.,  48.,  50.],
        [ 44.,  78.,  54.],
        [ 24.,  78.,  54.],
        [ 44.,  18.,  30.],
        [ 24.,  18.,  30.],
        [ 44.,   0.,  18.],
        [ 24.,   0.,  18.]], dtype=torch.float64)
----------------------------------
tensor([ 1,  2,  3, 28, 29, 25, 26, 27,  4,  7,  5, 19,  8, 18, 24, 23,  6, 30,
        31, 21, 22, 20, 32, 33,  9, 12, 13, 10, 11, 14, 15, 17, 16],
       dtype=torch.int32)
----------------------------------
[ 1  2  3 28 29 25 26 27  4  7  5 19  8 18 15 16 24 23  6 30 31 17 21 22
 20 32 33  9 12 13 10 11 14]
----------------------------------
[[ 34.0004  108.       62.     ]
 [ 44.0004  108.       54.     ]
 [ 24.0004  108.       54.     ]
 [ 44.0004   78.       54.     ]
 [ 24.0004   78.       54.     ]
 [ 34.0004  138.       52.2    ]
 [ 44.0004   47.9997   49.972  ]
 [ 24.0004   47.9997   49.972  ]
 [ 34.0004   88.       46.     ]
 [ 34.0004  118.       38.     ]
 [ 34.0004   58.       38.     ]
 [ 34.00039  28.       38.     ]
 [ 34.0004  118.       30.     ]
 [  0.       98.0001   30.     ]
 [ 60.0003   98.       30.     ]
 [  8.0005   98.       30.     ]
 [ 46.0004   88.       30.     ]
 [ 22.0004   88.       30.     ]
 [ 34.0004   58.       30.     ]
 [ 44.0004   18.       30.     ]
 [ 24.0004   18.       30.     ]
 [ 68.0004   98.0004   29.9999 ]
 [ 44.0004   28.       20.     ]
 [ 24.0004   28.       20.     ]
 [ 34.00039  14.       18.     ]
 [ 44.0004    0.       18.     ]
 [ 24.0004    0.       18.     ]
 [ 34.0004   88.       14.     ]
 [ 44.0004  108.       12.     ]
 [ 24.0004  108.       12.     ]
 [ 44.0004   68.       12.     ]
 [ 24.0004   68.       12.     ]
 [ 34.0004   88.        0.     ]]