tensor([[ 50.,  60.,  94.],
        [ 50., 100.,  88.],
        [ 50.,  60., 104.],
        [ 50., 130.,  42.],
        [ 60.,   0.,  32.],
        [ 40.,   0.,  32.],
        [ 60.,  20.,  80.],
        [ 40.,  20.,  80.],
        [ 50.,  10.,  56.],
        [ 50.,  10.,  16.],
        [ 90.,  10.,   8.],
        [ 10.,  10.,   8.],
        [100.,  10.,   0.],
        [  0.,  10.,   0.],
        [ 40.,  30.,  96.],
        [ 60.,  30.,  96.],
        [ 50., 100., 120.],
        [ 50., 100., 192.],
        [ 50., 110., 144.],
        [ 50., 110., 168.],
        [ 50.,  20., 120.],
        [ 50.,   0., 192.],
        [ 50.,  10., 144.],
        [ 50.,  10., 168.],
        [ 50., 120.,  56.],
        [ 50., 110.,  72.]], dtype=torch.float64)
----------------------------------
tensor([18, 20, 19, 17, 22, 24, 23, 21,  3, 16, 15,  1,  2,  7,  8, 26, 25,  9,
         4,  5,  6, 10, 11, 12, 13, 14], dtype=torch.int32)
----------------------------------
[18 22 20 24 19 23 17 21  3 16 15  1  2  7  8 26 25  9  4  5  6 10 11 12
 13 14]
----------------------------------
[[5.0000000e+01 1.0000001e+02 1.9200000e+02]
 [5.0000000e+01 0.0000000e+00 1.9200000e+02]
 [5.0000000e+01 1.1000001e+02 1.6800000e+02]
 [4.9999800e+01 9.9999100e+00 1.6800000e+02]
 [5.0000000e+01 1.1000001e+02 1.4400000e+02]
 [4.9999900e+01 1.0000010e+01 1.4400000e+02]
 [5.0000000e+01 1.0000001e+02 1.2000000e+02]
 [5.0000000e+01 2.0000010e+01 1.2000000e+02]
 [5.0000000e+01 6.0000010e+01 1.0400000e+02]
 [6.0000000e+01 3.0000010e+01 9.6000000e+01]
 [4.0000000e+01 3.0000010e+01 9.6000000e+01]
 [5.0000000e+01 6.0000310e+01 9.4000000e+01]
 [5.0000000e+01 1.0000001e+02 8.8000000e+01]
 [6.0000000e+01 2.0000010e+01 8.0000000e+01]
 [4.0000000e+01 2.0000010e+01 8.0000000e+01]
 [5.0000000e+01 1.1000001e+02 7.2000000e+01]
 [5.0000000e+01 1.2000001e+02 5.6000000e+01]
 [5.0000000e+01 1.0000010e+01 5.6000000e+01]
 [5.0000000e+01 1.3000001e+02 4.2000000e+01]
 [6.0000000e+01 7.0000000e-05 3.2000000e+01]
 [4.0000000e+01 2.0000000e-05 3.2000000e+01]
 [5.0000000e+01 1.0000010e+01 1.6000000e+01]
 [9.0000000e+01 1.0000110e+01 8.0000000e+00]
 [1.0000000e+01 1.0000010e+01 8.0000000e+00]
 [1.0000000e+02 1.0000110e+01 0.0000000e+00]
 [0.0000000e+00 1.0000010e+01 0.0000000e+00]]