tensor([[ 80.,  16.,  12.],
        [ 70.,  16.,  14.],
        [ 50.,  16.,  14.],
        [ 60.,  16.,  22.],
        [ 40.,  16.,  12.],
        [ 60.,  16.,   0.],
        [ 50.,  16.,  62.],
        [ 80.,  16.,  62.],
        [ 60.,  16.,  86.],
        [  0.,  16.,  86.],
        [ 40.,   6., 110.],
        [ 40.,  26., 110.],
        [100.,  16.,  38.],
        [ 60.,  16.,  38.],
        [ 30.,  16.,  38.],
        [ 30.,  32.,  72.],
        [ 30.,   0.,  72.],
        [ 20.,  16.,  62.],
        [ 30.,  16., 102.],
        [ 30.,  16.,  86.]], dtype=torch.float64)
----------------------------------
tensor([11, 19, 12, 20, 10, 18, 15,  5,  9,  8,  7, 13, 14,  4,  3,  2,  1,  6,
        16, 17], dtype=torch.int32)
----------------------------------
[12 11 19  9 20 10 16 17  8  7 18 13 14 15  4  2  3  1  5  6]
----------------------------------
[[ 40.       26.      110.     ]
 [ 40.        6.      110.     ]
 [ 29.99998  16.      102.     ]
 [ 60.       16.       86.     ]
 [ 30.       16.       86.     ]
 [  0.       16.       86.     ]
 [ 30.       32.       72.     ]
 [ 30.00003   0.       72.     ]
 [ 80.       16.       62.     ]
 [ 50.       16.       62.     ]
 [ 20.       16.       62.     ]
 [100.       16.       38.     ]
 [ 60.       16.       38.     ]
 [ 30.       16.       38.     ]
 [ 60.       16.       22.     ]
 [ 70.       16.       14.     ]
 [ 50.       16.       14.     ]
 [ 80.       16.       12.     ]
 [ 40.       16.       12.     ]
 [ 60.       16.        0.     ]]