tensor([[18., 14., 60.],
        [18.,  4., 70.],
        [18.,  6., 50.],
        [28.,  4., 40.],
        [ 8.,  4., 40.],
        [18., 30., 46.],
        [ 0., 30., 40.],
        [36., 30., 40.],
        [ 2., 30., 50.],
        [34., 30., 50.],
        [18., 30., 62.],
        [18., 30., 78.],
        [18., 30., 30.],
        [18., 14., 30.],
        [18., 20., 14.],
        [18.,  0.,  6.],
        [18., 10.,  0.],
        [18., 30.,  4.]], dtype=torch.float64)
----------------------------------
tensor([12, 11,  6, 13,  1,  2,  3, 14,  5,  4, 10,  9,  8,  7, 15, 16, 18, 17],
       dtype=torch.int32)
----------------------------------
[12  2 11  1 10  9  3  6  8  7  4  5 13 14 15 16 18 17]
----------------------------------
[[18.     30.     78.    ]
 [18.      4.2001 69.9994]
 [18.     30.     62.    ]
 [18.     14.     59.9996]
 [34.     30.     50.    ]
 [ 2.     30.     50.    ]
 [18.      6.0005 49.9999]
 [18.     30.     46.    ]
 [36.     30.     39.9997]
 [ 0.     30.     39.9997]
 [28.      3.9999 39.9992]
 [ 8.      3.9999 39.9992]
 [18.     30.     30.    ]
 [18.     14.     30.    ]
 [18.     20.     14.    ]
 [18.      0.      6.    ]
 [18.     30.      4.2   ]
 [18.     10.      0.    ]]