tensor([[120.,  32., 126.],
        [ 60.,  32., 126.],
        [ 90.,  42., 118.],
        [ 80.,  52., 126.],
        [100.,  52., 126.],
        [ 90.,  62., 118.],
        [ 90.,  42.,  78.],
        [ 90.,  38.,  68.],
        [ 80.,  22.,  80.],
        [100.,  22.,  80.],
        [100.,  14.,  80.],
        [ 80.,  14.,  80.],
        [ 90.,   4.,  80.],
        [ 90.,   6.,  70.],
        [180.,  42.,  54.],
        [  0.,  42.,  54.],
        [ 90.,  18.,   4.],
        [ 90.,   2.,   6.],
        [ 90.,  52., 102.],
        [107.,  52.,  54.],
        [ 73.,  52.,  54.],
        [ 48.,  52.,  54.],
        [132.,  52.,  54.],
        [ 30.,  43.,  46.],
        [150.,  43.,  46.],
        [ 80.,   0.,  16.],
        [100.,   0.,  16.],
        [ 78.,  22.,  14.],
        [102.,  22.,  14.],
        [ 80.,  52.,   0.],
        [100.,  52.,   0.],
        [ 90.,  42.,  38.],
        [ 90.,  42.,  14.]], dtype=torch.float64)
----------------------------------
tensor([ 5,  4,  1,  2,  6,  3, 19,  7,  8,  9, 10, 12, 11, 14, 13, 23, 20, 21,
        22, 15, 16, 25, 24, 32, 26, 27, 33, 29, 28, 18, 17, 31, 30],
       dtype=torch.int32)
----------------------------------
[ 5  4  1  2  6  3 19 13 10  9 11 12  7 14  8 23 20 21 22 15 16 25 24 32
 26 27 33 29 28 18 17 31 30]
----------------------------------
[[1.0000000e+02 5.2000100e+01 1.2600000e+02]
 [8.0000000e+01 5.2000100e+01 1.2600000e+02]
 [1.2000000e+02 3.2000100e+01 1.2600000e+02]
 [6.0000000e+01 3.2000100e+01 1.2600000e+02]
 [9.0000000e+01 6.2000100e+01 1.1800000e+02]
 [9.0000000e+01 4.2000100e+01 1.1800000e+02]
 [9.0000000e+01 5.2000100e+01 1.0200000e+02]
 [9.0000000e+01 4.0001000e+00 8.0000300e+01]
 [1.0000000e+02 2.2000100e+01 8.0000000e+01]
 [8.0000000e+01 2.2000100e+01 8.0000000e+01]
 [1.0000000e+02 1.4000100e+01 8.0000000e+01]
 [8.0000000e+01 1.4000100e+01 8.0000000e+01]
 [9.0000000e+01 4.2000100e+01 7.8000000e+01]
 [9.0000000e+01 6.0001000e+00 7.0000000e+01]
 [9.0000000e+01 3.8000100e+01 6.8000000e+01]
 [1.3200000e+02 5.2000160e+01 5.4000000e+01]
 [1.0701490e+02 5.2000100e+01 5.4000000e+01]
 [7.2985100e+01 5.2000093e+01 5.4000000e+01]
 [4.8000000e+01 5.2000070e+01 5.4000000e+01]
 [1.8000000e+02 4.2000200e+01 5.4000000e+01]
 [0.0000000e+00 4.2000100e+01 5.4000000e+01]
 [1.5000000e+02 4.2750200e+01 4.6000000e+01]
 [3.0000000e+01 4.2750100e+01 4.6000000e+01]
 [9.0000000e+01 4.2000100e+01 3.8000000e+01]
 [8.0000000e+01 1.0000000e-04 1.6000300e+01]
 [1.0000000e+02 0.0000000e+00 1.6000300e+01]
 [9.0000000e+01 4.2000100e+01 1.4000000e+01]
 [1.0200000e+02 2.2000100e+01 1.4000000e+01]
 [7.8000000e+01 2.2000100e+01 1.4000000e+01]
 [9.0000000e+01 2.0001000e+00 6.0000000e+00]
 [9.0000000e+01 1.8000100e+01 4.0000000e+00]
 [1.0000000e+02 5.2000110e+01 0.0000000e+00]
 [8.0000000e+01 5.2000100e+01 0.0000000e+00]]