tensor([[ 96.,  46.,  88.],
        [ 56.,  36.,  88.],
        [ 56.,  56.,  88.],
        [ 76.,  46., 104.],
        [ 46.,  58.,  40.],
        [ 16.,  36.,  43.],
        [ 46.,  34.,  40.],
        [  0.,  36.,  41.],
        [ 46.,  46.,  16.],
        [ 66.,  46.,  70.],
        [ 58.,  80.,  64.],
        [ 58.,  10.,  64.],
        [ 66.,  89.,  64.],
        [ 65.,   0.,  64.],
        [ 37.,  38.,   8.],
        [ 55.,  53.,   0.],
        [ 39.,  46.,  24.],
        [ 25.,  46.,  36.],
        [106.,  46.,  70.],
        [ 46.,  34.,  64.],
        [ 46.,  58.,  64.],
        [ 46.,  70.,  40.],
        [ 46.,  22.,  40.],
        [ 46.,  75.,  64.],
        [ 46.,  17.,  64.]], dtype=torch.float64)
----------------------------------
tensor([ 4,  3,  2,  1, 10, 19, 24, 11, 21, 20, 25, 12, 14, 13,  6,  8, 22,  5,
         7, 23, 18, 17,  9, 15, 16], dtype=torch.int32)
----------------------------------
[ 4  3  2  1 10 19 24 11 21 20 25 12 14 13  6  8 22  5  7 23 18 17  9 15
 16]
----------------------------------
[[ 76.12156  45.5069  104.     ]
 [ 56.1216   55.5069   88.     ]
 [ 56.1216   35.5069   88.     ]
 [ 96.1217   45.5069   87.9999 ]
 [ 66.1216   45.5069   70.2    ]
 [106.1217   45.5069   70.1999 ]
 [ 46.1218   74.5069   64.0001 ]
 [ 58.1218   79.507    64.     ]
 [ 46.1218   57.5069   64.     ]
 [ 46.1216   33.507    64.     ]
 [ 46.1216   16.507    64.     ]
 [ 58.074    10.46     64.     ]
 [ 65.1894    0.       64.     ]
 [ 66.1218   89.307    63.9999 ]
 [ 15.8959   35.507    42.9586 ]
 [  0.       35.507    41.1362 ]
 [ 46.1218   69.5069   40.     ]
 [ 46.1218   57.5069   40.     ]
 [ 46.1216   33.507    40.     ]
 [ 46.1216   21.507    40.     ]
 [ 24.755    45.507    35.9219 ]
 [ 39.1069   45.5069   24.     ]
 [ 46.1218   45.5069   16.     ]
 [ 37.3186   37.6055    8.     ]
 [ 54.9186   53.4106    0.     ]]