tensor([[ 10.,   0.,  34.],
        [ 30.,  72.,  74.],
        [ 50.,   0.,  34.],
        [ 30.,  78.,  76.],
        [ 60., 120.,  80.],
        [  0., 120.,  80.],
        [ 30., 106.,  54.],
        [ 60., 120.,  90.],
        [  0., 120.,  90.],
        [ 30.,  98.,  54.],
        [ 30.,  90.,  54.],
        [ 12.,  90.,  84.],
        [ 48.,  90.,  84.],
        [ 12.,  90.,  24.],
        [ 48.,  90.,  24.],
        [ 30.,  68., 108.],
        [  0., 103.,  82.],
        [ 60., 103.,  82.],
        [  0., 120.,  20.],
        [  0., 120.,  30.],
        [  0., 103.,  22.],
        [ 60., 120.,  20.],
        [ 60., 120.,  30.],
        [ 60., 103.,  22.],
        [ 30.,  78., 100.],
        [ 30.,  82.,  34.],
        [ 30.,  76.,  44.],
        [ 40.,  18.,   6.],
        [ 30.,  58.,  22.],
        [ 20.,  18.,   6.],
        [ 30.,  16.,  20.],
        [ 30.,  60.,   8.],
        [ 30.,  26.,  24.],
        [ 30.,  50.,   0.]], dtype=torch.float64)
----------------------------------
tensor([10,  7, 11, 17, 18,  4, 12, 13,  8,  9, 24, 21, 14, 15, 26, 20, 23, 27,
         2, 29, 33, 31,  1,  3, 32, 34, 25, 16,  5,  6, 19, 22, 28, 30],
       dtype=torch.int32)
----------------------------------




8 13 17 5 4 9 12 18 6   16, 25,   7,  10, 11,  23  15  24 22 26 20  14  21 19 2  27  1  3 33 29 31 32 28 30 34
[2  27  1  3 33 29 31 32 28 30 34]
----------------------------------
[[3.00001000e+01 6.79999000e+01 1.08000000e+02]
 [3.00001000e+01 7.79999000e+01 1.00000000e+02]
 [6.00001000e+01 1.19999900e+02 9.00000000e+01]
 [1.00000000e-04 1.19999900e+02 9.00000000e+01]
 [4.80001000e+01 8.99999000e+01 8.40000000e+01]
 [1.20002000e+01 8.99999000e+01 8.40000000e+01]
 [6.00001000e+01 1.02999900e+02 8.20000000e+01]
 [2.00000000e-04 1.02999900e+02 8.20000000e+01]
 [2.00000000e-04 1.20000200e+02 8.00000000e+01]
 [6.00001000e+01 1.20000200e+02 7.99999000e+01]
 [3.00001000e+01 7.79999000e+01 7.60000000e+01]
 [3.00001000e+01 7.19995000e+01 7.39995865e+01]
 [3.00001000e+01 1.05999900e+02 5.40000000e+01]
 [3.00001000e+01 9.79999000e+01 5.40000000e+01]
 [3.00001000e+01 8.99999000e+01 5.40000000e+01]
 [3.00001000e+01 7.59999000e+01 4.40000000e+01]
 [9.99880000e+00 1.00000000e-04 3.40001000e+01]
 [5.00021000e+01 0.00000000e+00 3.40001000e+01]
 [3.00001000e+01 8.19999000e+01 3.40000000e+01]
 [6.00001000e+01 1.19999900e+02 2.99999000e+01]
 [0.00000000e+00 1.19999900e+02 2.99999000e+01]
 [3.00002000e+01 2.59999000e+01 2.40000000e+01]
 [4.80001000e+01 8.99999000e+01 2.39999000e+01]
 [1.20001000e+01 8.99999000e+01 2.39999000e+01]
 [3.00000000e+01 5.79999000e+01 2.20000000e+01]
 [6.00001000e+01 1.02999900e+02 2.19999000e+01]
 [1.00000000e-04 1.02999900e+02 2.19999000e+01]
 [3.00002000e+01 1.59999000e+01 2.00000000e+01]
 [1.00000000e-04 1.20000200e+02 1.99999000e+01]
 [6.00001000e+01 1.20000200e+02 1.99998000e+01]
 [3.00000000e+01 5.99999000e+01 8.00000000e+00]
 [4.00002000e+01 1.79999000e+01 6.00000000e+00]
 [2.00002000e+01 1.79999000e+01 6.00000000e+00]
 [3.00000000e+01 4.99999000e+01 0.00000000e+00]]