tensor([[ 50., 120.,  42.],
        [ 50., 140.,  18.],
        [ 50., 110.,  66.],
        [ 90.,  40., 114.],
        [ 90., 100., 114.],
        [ 10., 100., 114.],
        [ 10.,  40., 114.],
        [100., 100., 100.],
        [100.,  40., 100.],
        [  0., 100., 100.],
        [  0.,  40., 100.],
        [ 50., 110., 106.],
        [ 50., 100.,  90.],
        [ 50.,  60., 106.],
        [ 50.,  70.,  90.],
        [ 50.,  40.,  90.],
        [ 50.,  50.,  66.],
        [ 20.,  30.,  74.],
        [ 20.,  30.,  66.],
        [ 80.,  30.,  74.],
        [ 80.,  30.,  66.],
        [ 50.,  30.,  74.],
        [ 50.,   0.,  76.],
        [ 50.,  60.,  52.],
        [ 50.,  30.,  60.],
        [ 50.,  80.,  66.],
        [ 20., 132.,  18.],
        [ 80., 132.,  17.],
        [ 20., 100.,  18.],
        [ 80., 100.,  18.],
        [ 70.,  90.,  42.],
        [ 30.,  90.,  42.],
        [ 50.,  90.,  24.],
        [ 20., 110.,   0.],
        [ 80., 110.,   0.],
        [ 20., 144.,  18.],
        [ 80., 144.,  17.]], dtype=torch.float64)
----------------------------------
tensor([14, 13,  6,  5, 12, 16,  7,  4,  9,  8, 11, 10, 15, 22, 23, 20, 18, 21,
        26, 19, 17,  3, 25, 24, 32, 31,  1, 33, 27,  2, 30, 29, 28, 35, 34, 36,
        37], dtype=torch.int32)
----------------------------------
5 8 6 10   13  4 9 7 11  16   14 12 15 23 20 22 18 21  3 26 17 19 25 24 1 32 31 33 36 27  2 30 29 37 28 35 34]
----------------------------------
[[ 89.9999  100.      113.8    ]
 [ 10.      100.      113.8    ]
 [ 89.9999   40.      113.8    ]
 [ 10.       40.      113.8    ]
 [ 49.9999  110.      105.8    ]
 [ 49.9999   60.      105.8    ]
 [ 99.9999  100.       99.8    ]
 [  0.      100.       99.8    ]
 [ 99.9999   40.       99.8    ]
 [  0.       40.       99.8    ]
 [ 49.9999  100.       89.8    ]
 [ 49.9999   70.       89.8    ]
 [ 49.9999   40.       89.8    ]
 [ 49.9999    0.       75.8    ]
 [ 79.9999   30.       73.8001 ]
 [ 49.9999   30.       73.8    ]
 [ 19.9999   30.       73.8    ]
 [ 79.9999   30.       65.8001 ]
 [ 49.9999  110.       65.8    ]
 [ 49.9999   79.99999  65.8    ]
 [ 49.9999   50.       65.8    ]
 [ 19.9999   30.       65.8    ]
 [ 49.9999   30.       59.8001 ]
 [ 49.9999   60.       51.8    ]
 [ 49.9999  120.       41.8    ]
 [ 29.9999   90.0001   41.8    ]
 [ 69.9999   90.       41.8    ]
 [ 49.9999   90.       24.     ]
 [ 19.9999  144.       18.4311 ]
 [ 19.9999  132.       18.4311 ]
 [ 49.9999  140.       17.8    ]
 [ 79.9999  100.       17.8    ]
 [ 19.9999  100.       17.8    ]
 [ 79.9999  144.       17.2082 ]
 [ 79.9999  132.       17.2082 ]
 [ 79.9999  110.        0.     ]
 [ 19.9999  110.        0.     ]]