tensor([[20., 32., 30.],
        [60., 32., 30.],
        [40., 46., 20.],
        [40., 18., 20.],
        [50., 64., 22.],
        [50.,  0., 22.],
        [ 0., 22., 20.],
        [ 0., 42., 20.],
        [80., 22., 20.],
        [80., 42., 20.],
        [30., 22.,  4.],
        [30., 42.,  4.],
        [60., 22.,  6.],
        [60., 42.,  6.],
        [60., 22.,  0.],
        [60., 42.,  0.]], dtype=torch.float64)
----------------------------------
tensor([ 2,  1,  3,  4,  5,  6, 10,  8,  9,  7, 14, 13, 12, 11, 16, 15],
       dtype=torch.int32)
----------------------------------
[ 2  1  5  6  3 10  8  9  7  4 14 13 12 11 16 15]
----------------------------------
[[60.0003   31.8      30.      ]
 [20.0003   31.8      30.      ]
 [50.0003   63.6001   22.      ]
 [50.0003    0.       22.      ]
 [40.000292 45.8      20.      ]
 [80.0003   41.8      20.      ]
 [ 0.       41.8      20.      ]
 [80.0003   21.8      20.      ]
 [ 0.       21.8      20.      ]
 [40.0003   17.8      20.      ]
 [60.0003   41.8001    6.      ]
 [60.0003   21.8       6.      ]
 [30.0003   41.8       4.2     ]
 [30.0003   21.8       4.2     ]
 [60.0003   41.8001    0.      ]
 [60.0003   21.8       0.      ]]