tensor([[10., 10., 40.],
        [10.,  0., 16.],
        [10., 30., 16.],
        [10., 70., 40.],
        [ 0., 40., 56.],
        [20., 40., 56.],
        [20.,  0.,  0.],
        [ 0.,  0.,  0.],
        [10., 40., 40.]], dtype=torch.float64)
----------------------------------
tensor([6, 9, 5, 4, 1, 3, 2, 7, 8], dtype=torch.int32)
----------------------------------
[6 5 4 9 1 3 2 7 8]
----------------------------------
[[20. 40. 56.]
 [ 0. 40. 56.]
 [10. 70. 40.]
 [10. 40. 40.]
 [10. 10. 40.]
 [10. 30. 16.]
 [10.  0. 16.]
 [20.  0.  0.]
 [ 0.  0.  0.]]