tensor([[ 10.,  34., 122.],
        [ 70.,  34., 122.],
        [ 60.,  14., 122.],
        [ 40.,  14., 122.],
        [ 20.,  14., 122.],
        [ 10.,  34.,  98.],
        [ 70.,  34.,  98.],
        [ 60.,  14.,  98.],
        [ 20.,  14.,  98.],
        [ 40.,  14.,  98.],
        [ 40.,  34.,  66.],
        [ 70.,  24.,  66.],
        [ 10.,  24.,  66.],
        [ 40.,  12.,  66.],
        [  0.,  24.,  42.],
        [ 20.,  12.,  42.],
        [ 60.,  12.,  42.],
        [ 40.,  14.,  42.],
        [ 40.,  24.,  18.],
        [ 70.,  34.,  18.],
        [ 70.,  14.,  18.],
        [ 10.,  34.,  18.],
        [ 10.,  14.,  18.],
        [ 60.,  24.,   0.],
        [ 20.,  24.,   0.],
        [ 40.,   0.,  66.],
        [ 40.,  44., 122.],
        [ 40.,  34.,  98.],
        [ 60.,   0.,  42.],
        [ 20.,   0.,  42.],
        [ 60.,  34., 146.],
        [ 20.,  34., 146.],
        [ 60.,   4., 146.],
        [ 20.,   4., 146.],
        [ 40.,  14.,  82.],
        [ 40.,  34.,  82.],
        [ 40.,  14., 138.],
        [ 40.,  34., 138.],
        [ 50.,  34.,  42.],
        [ 80.,  14.,  42.]], dtype=torch.float64)
----------------------------------
28, 27, 36,  6,  7, 13, 35,  9, 10,  8,  5,  4,  3,  2,  1, 37, 38, 34, 33, 32, 31, 14, 12, 11, 40, 39, 18, 17, 16, 15, 23, 22, 21, 20, 19, 25, 24, 26, 30, 29], dtype=torch.int32)
1    2   3   4   5   6   7   8   9   10  11  12  13  14  15 16  17  18  19  20  21  22  23  24  25  26  27  28  29  30  31  32  33  34  35  36  37  38  39  40

31,32, 38  27 2 1  7 28 6  36  33 34  37  3 4 5 8 10 9 35 13 11 12 14 26 39 15 40 18 17 16 29 30 20 22 19 21 23 24 25


[   11 12 14
 26 39 15 40 18 17 16 29 30 20 22 19 21 23 24 25]
----------------------------------
[[ 60.   34.  145.8]
 [ 20.   34.  145.8]
 [ 60.    4.  145.8]
 [ 20.    4.  145.8]
 [ 40.   34.  137.8]
 [ 40.   14.  137.8]
 [ 40.   44.  121.8]
 [ 70.   34.  121.8]
 [ 10.   34.  121.8]
 [ 60.   14.  121.8]
 [ 40.   14.  121.8]
 [ 20.   14.  121.8]
 [ 70.   34.   97.8]
 [ 40.   34.   97.8]
 [ 10.   34.   97.8]
 [ 60.   14.   97.8]
 [ 40.   14.   97.8]
 [ 20.   14.   97.8]
 [ 40.   34.   81.8]
 [ 40.   14.   81.8]
 [ 40.   34.   65.8]
 [ 70.   24.   65.8]
 [ 10.   24.   65.8]
 [ 40.   12.   65.8]
 [ 40.    0.   65.8]
 [ 50.   34.   41.8]
 [  0.   24.   41.8]
 [ 80.   14.   41.8]
 [ 40.   14.   41.8]
 [ 60.   12.   41.8]
 [ 20.   12.   41.8]
 [ 60.    0.   41.8]
 [ 20.    0.   41.8]
 [ 70.   34.   17.8]
 [ 10.   34.   17.8]
 [ 40.   24.   17.8]
 [ 70.   14.   17.8]
 [ 10.   14.   17.8]
 [ 60.   24.    0. ]
 [ 20.   24.    0. ]]