tensor([[120.,  30.,  44.],
        [ 60.,  28.,  20.],
        [  0.,   0.,  58.],
        [ 60.,  10.,  54.],
        [120.,   0.,  58.],
        [ 60.,  30.,  44.],
        [  0.,  30.,  44.],
        [ 20.,  30.,  20.],
        [100.,  30.,  20.],
        [ 79.,  14.,  10.],
        [ 41.,  14.,  10.],
        [ 70.,   6.,   0.],
        [ 50.,   6.,   0.],
        [100.,  20.,  68.],
        [ 20.,  20.,  68.]], dtype=torch.float64)
----------------------------------
tensor([15, 14,  5,  3,  4,  6,  7,  1,  9,  8,  2, 10, 11, 12, 13],
       dtype=torch.int32)
----------------------------------
[15 14  5  3  4  6  7  1  9  8  2 10 11 12 13]
----------------------------------
[[ 20.      20.0006  68.    ]
 [100.0001  20.0003  68.    ]
 [120.       0.      57.9999]
 [  0.       0.      57.9999]
 [ 60.      10.0003  54.    ]
 [ 60.      30.0006  44.    ]
 [  0.      30.0006  44.    ]
 [120.0001  30.0003  44.    ]
 [100.      30.0003  20.    ]
 [ 20.      30.0003  20.    ]
 [ 60.      28.0003  20.    ]
 [ 79.25    14.0003  10.    ]
 [ 40.75    14.0003  10.    ]
 [ 70.       6.0003   0.    ]
 [ 50.       6.0003   0.    ]]