tensor([[50., 14.,  8.],
        [50., 54.,  8.],
        [70., 44., 58.],
        [70., 14., 58.],
        [70., 34., 10.],
        [70., 34., 82.],
        [70., 34., 74.],
        [70., 34., 66.],
        [40., 14., 64.],
        [40., 54., 64.],
        [ 0., 34., 66.],
        [60., 54., 74.],
        [60., 14., 74.],
        [ 0., 34., 48.],
        [40., 34., 16.],
        [30., 14., 82.],
        [30., 54., 82.],
        [30., 34., 42.],
        [30., 34., 82.],
        [70., 12., 34.],
        [70., 56., 34.],
        [80., 34., 34.],
        [77., 34., 98.],
        [50., 34.,  2.],
        [70., 34.,  0.],
        [50., 34., 90.],
        [70., 34., 90.],
        [70., 68., 34.],
        [70.,  0., 34.],
        [60., 54., 18.],
        [60., 24., 18.],
        [60., 24., 50.],
        [60., 54., 50.],
        [50., 24., 34.],
        [50., 54., 34.],
        [40., 34., 66.]], dtype=torch.float64)
----------------------------------
tensor([27, 23, 12, 26, 19, 10, 17, 13,  9, 16,  6,  7, 36, 11,  8,  4,  3, 33,
        32, 14, 18, 34, 22, 21, 20, 35, 31, 30, 15,  5,  2,  1, 24, 25, 29, 28],
       dtype=torch.int32)
----------------------------------
[23 27 26 17  6 19 16 12  7 13  8 36 11 10  9  3  4 33 32 14 18 28 21 35
 22 34 20 29 30 31 15  5  2  1 24 25]
----------------------------------
[[77.       34.       97.8     ]
 [70.       34.       89.8     ]
 [50.       34.       89.8     ]
 [30.       53.9999   81.8     ]
 [69.9999   34.       81.8     ]
 [30.       34.       81.8     ]
 [30.       14.       81.8     ]
 [60.       53.9999   73.8     ]
 [69.9999   34.       73.8     ]
 [60.       14.       73.8     ]
 [69.9999   34.       65.8     ]
 [39.99999  34.       65.8     ]
 [ 0.       34.       65.8     ]
 [39.999969 54.       63.8     ]
 [40.       14.       63.8     ]
 [69.9999   44.       57.8     ]
 [70.       14.       57.8     ]
 [59.9999   54.       49.8     ]
 [59.9999   24.       49.8     ]
 [ 0.       34.       48.      ]
 [30.       34.       41.8     ]
 [70.       67.9999   33.8     ]
 [70.       55.9999   33.8     ]
 [50.       54.       33.8     ]
 [80.       34.       33.8     ]
 [49.9999   24.       33.8     ]
 [70.       12.       33.8     ]
 [70.        0.       33.8     ]
 [60.       54.       17.8     ]
 [60.       24.       17.8     ]
 [39.99999  34.       15.8     ]
 [70.       34.        9.8     ]
 [50.       54.        8.      ]
 [50.       13.9999    8.      ]
 [50.       34.        1.8     ]
 [70.       34.        0.      ]]