tensor([[ 62.,  71.,  32.],
        [ 62.,  49.,  12.],
        [ 62.,  61.,   8.],
        [ 62.,  25.,  22.],
        [ 79.,  51.,   0.],
        [101.,  51.,   8.],
        [134.,  51.,  29.],
        [ 45.,  51.,   0.],
        [ 26.,  51.,  10.],
        [  0.,  54.,  39.],
        [ 62.,  17.,  39.],
        [ 62.,  13.,  63.],
        [ 62.,   0.,  77.],
        [ 72.,  19.,  12.],
        [ 52.,  19.,  12.],
        [ 62., 101.,  56.],
        [ 62., 101.,  80.],
        [ 62.,  41.,  56.],
        [ 62.,  41.,  80.]], dtype=torch.float64)
----------------------------------
tensor([19, 18,  1, 17, 16,  2,  4, 11, 12,  3,  8,  5, 15, 14,  6,  7,  9, 10,
        13], dtype=torch.int32)
----------------------------------
[17 19 13 12 16 18 11 10  1  7  4  2 14 15  9  3  6  5  8]
----------------------------------
[[ 62.2138   101.209     80.      ]
 [ 62.2138    41.209     80.      ]
 [ 62.21386    0.        77.295   ]
 [ 62.213854  12.536     63.053   ]
 [ 62.2138   101.209     56.      ]
 [ 62.2138    41.209     56.      ]
 [ 62.21383   17.209     39.015   ]
 [  0.        53.8237    38.5599  ]
 [ 62.2138    71.209     32.      ]
 [133.5372    51.209     28.7815  ]
 [ 62.2138    25.209     22.      ]
 [ 62.2138    49.209     12.      ]
 [ 72.2138    19.209     12.      ]
 [ 52.2138    19.209     12.      ]
 [ 25.675     51.209     10.062   ]
 [ 62.2138    61.209      8.      ]
 [101.1735    51.2091     7.9827  ]
 [ 79.2287    51.209      0.      ]
 [ 45.1989    51.209      0.      ]]