tensor([[ 50.,  18.,  82.],
        [ 10.,  18.,  82.],
        [ 90.,  18.,  82.],
        [ 20.,  18.,  74.],
        [  0.,  18.,  74.],
        [ 50.,  18.,  74.],
        [ 80.,  18.,  74.],
        [100.,  18.,  74.],
        [  0.,  18.,  66.],
        [100.,  18.,  66.],
        [ 80.,  18.,  66.],
        [ 20.,  18.,  66.],
        [ 90.,  18.,  58.],
        [ 90.,  18.,  50.],
        [ 10.,  18.,  58.],
        [ 10.,  18.,  50.],
        [ 90.,  18.,  10.],
        [ 10.,  18.,  10.],
        [ 50.,  18.,  10.],
        [ 20.,  14.,   0.],
        [ 80.,  14.,   0.],
        [ 60.,  18.,  98.],
        [ 40.,  18.,  98.],
        [ 90.,  18.,  98.],
        [ 10.,  18.,  98.],
        [ 50.,  16.,  58.],
        [ 60.,   2.,  58.],
        [ 40.,   2.,  58.],
        [ 80.,   0.,   2.],
        [ 20.,   0.,   2.],
        [ 70.,  18.,  34.],
        [ 30.,  18.,  34.],
        [100.,  18.,  34.],
        [  0.,  18.,  34.]], dtype=torch.float64)
----------------------------------
tensor([10,  8, 13, 11,  7, 14, 31, 26,  6, 32, 16, 15,  9, 12,  5,  4,  3,  2,
         1, 25, 24, 23, 22, 34, 33, 19, 18, 17, 21, 20, 28, 27, 30, 29],
       dtype=torch.int32)
----------------------------------
[24 22 23 25  3  1  2  8  7  6  4  5 10 11 12  9 13 15 26 27 28 14 16 33
 31 32 34 17 19 18 29 30 21 20]
----------------------------------
[[ 90.  18.  98.]
 [ 60.  18.  98.]
 [ 40.  18.  98.]
 [ 10.  18.  98.]
 [ 90.  18.  82.]
 [ 50.  18.  82.]
 [ 10.  18.  82.]
 [100.  18.  74.]
 [ 80.  18.  74.]
 [ 50.  18.  74.]
 [ 20.  18.  74.]
 [  0.  18.  74.]
 [100.  18.  66.]
 [ 80.  18.  66.]
 [ 20.  18.  66.]
 [  0.  18.  66.]
 [ 90.  18.  58.]
 [ 10.  18.  58.]
 [ 50.  16.  58.]
 [ 60.   2.  58.]
 [ 40.   2.  58.]
 [ 90.  18.  50.]
 [ 10.  18.  50.]
 [100.  18.  34.]
 [ 70.  18.  34.]
 [ 30.  18.  34.]
 [  0.  18.  34.]
 [ 90.  18.  10.]
 [ 50.  18.  10.]
 [ 10.  18.  10.]
 [ 80.   0.   2.]
 [ 20.   0.   2.]
 [ 80.  14.   0.]
 [ 20.  14.   0.]]