tensor([[28., 27., 22.],
        [56., 47., 14.],
        [ 0., 47., 14.],
        [28., 67., 30.],
        [28., 83., 24.],
        [28., 17., 16.],
        [18., 69., 14.],
        [38., 69., 14.],
        [28., 91., 34.],
        [28.,  0., 22.],
        [28., 47., 38.],
        [28., 17., 38.],
        [28., 37., 30.],
        [28.,  7., 30.],
        [18., 89., 14.],
        [38., 89., 14.],
        [16., 47., 14.],
        [40., 47., 14.],
        [18.,  7., 54.],
        [18.,  7., 46.],
        [38.,  7., 54.],
        [38.,  7., 46.],
        [18., 47., 54.],
        [18., 47., 46.],
        [38., 47., 54.],
        [38., 47., 46.],
        [28., 57.,  0.]], dtype=torch.float64)
----------------------------------
tensor([25, 26, 23, 24, 11, 21, 22, 19, 20, 12, 13,  1, 10, 18, 17,  4,  8,  7,
        27,  9, 14,  5,  6, 16, 15,  2,  3], dtype=torch.int32)
----------------------------------
[25 23 21 19 26 24 22 20 11 12  9  4 13 14  5  1 10  6 16 15  8  7  2 18
 17  3 27]
----------------------------------
[[37.8    47.0149 54.    ]
 [17.8    47.0149 54.    ]
 [37.8     7.0149 54.    ]
 [17.8     7.0149 54.    ]
 [37.8    47.0149 46.    ]
 [17.8    47.0149 46.    ]
 [37.8     7.0149 46.    ]
 [17.8     7.0149 46.    ]
 [27.8    47.0149 38.    ]
 [27.8    17.0149 38.    ]
 [27.8    91.0149 34.    ]
 [27.8    67.0149 30.    ]
 [27.8    37.0149 30.    ]
 [27.8     7.0149 30.    ]
 [27.8    83.0149 24.    ]
 [27.8    27.0149 22.    ]
 [27.8     0.     22.    ]
 [27.8    17.0149 16.    ]
 [37.8    89.0149 14.    ]
 [17.8    89.0149 14.    ]
 [37.8    69.0149 14.    ]
 [17.8    69.0149 14.    ]
 [55.6    47.0149 14.    ]
 [39.8    47.0149 14.    ]
 [15.8    47.0149 14.    ]
 [ 0.     47.0149 14.    ]
 [27.8    57.0149  0.    ]]