tensor([[74., 33., 18.],
        [74., 53., 18.],
        [46., 25., 18.],
        [46., 61., 18.],
        [56., 43., 10.],
        [56., 43., 26.],
        [19., 33., 10.],
        [ 0., 33.,  0.],
        [99., 33., 18.],
        [99., 53., 18.],
        [46.,  0., 18.],
        [46., 86., 18.],
        [36., 23.,  2.],
        [36., 63.,  2.],
        [76., 63.,  2.],
        [76., 23.,  2.]], dtype=torch.float64)
----------------------------------
tensor([ 9,  5,  8,  6,  7,  3,  4,  1,  2, 13, 16, 10, 12, 11, 14, 15],
       dtype=torch.int32)
----------------------------------
[ 6 12  4  2 10  1  9  3 11  5  7 15 14 16 13  8]
----------------------------------
[[55.81782 43.      26.4952 ]
 [45.8179  86.      18.4952 ]
 [45.8178  61.      18.4952 ]
 [73.8178  53.      18.4952 ]
 [98.8179  52.9999  18.4952 ]
 [73.8178  33.      18.4952 ]
 [98.8178  32.9999  18.4952 ]
 [45.8178  25.      18.4952 ]
 [45.8178   0.      18.4952 ]
 [55.81776 43.      10.4952 ]
 [18.8178  33.      10.4952 ]
 [75.8178  63.       2.4952 ]
 [35.8178  63.       2.4952 ]
 [75.8178  23.       2.4952 ]
 [35.8178  23.       2.4952 ]
 [ 0.      33.       0.     ]]