tensor([[40., 18., 34.],
        [68.,  0., 20.],
        [48.,  0., 20.],
        [58., 18., 40.],
        [48., 36., 20.],
        [68., 36., 20.],
        [ 0., 18., 27.],
        [12., 18., 43.],
        [48., 18., 10.],
        [68., 18., 10.],
        [48., 34.,  0.],
        [68., 34.,  0.],
        [48.,  2.,  0.],
        [68.,  2.,  0.],
        [48., 18., 26.],
        [68., 18., 26.],
        [75., 18., 34.],
        [17., 18., 28.]], dtype=torch.float64)
----------------------------------
tensor([ 4, 17,  1, 18,  7,  8, 16, 15,  9, 10,  6, 12,  5, 11,  2, 14,  3, 13],
       dtype=torch.int32)
----------------------------------
[ 8  4 17  1 18  7 16 15  6  5  2  3 10  9 12 11 14 13]
----------------------------------
[[11.5885 17.9999 42.8564]
 [58.2487 17.9999 40.    ]
 [75.2487 18.     34.    ]
 [40.2487 18.     34.    ]
 [16.9903 18.     27.5   ]
 [ 0.     18.     26.9283]
 [68.2487 18.     26.    ]
 [48.2487 18.     26.    ]
 [68.2487 36.     20.0003]
 [48.2487 36.     20.0003]
 [68.2487  0.     20.0003]
 [48.2487  0.     20.0003]
 [68.2487 18.     10.    ]
 [48.2487 18.     10.    ]
 [68.2487 34.      0.    ]
 [48.2487 34.      0.    ]
 [68.2487  2.      0.    ]
 [48.2487  2.      0.    ]]