tensor([[ 0., 10., 16.],
        [28., 10.,  0.],
        [48., 10., 64.],
        [38.,  0., 56.],
        [28., 10., 32.],
        [24., 10., 14.],
        [58., 10., 32.],
        [80., 11., 24.],
        [48., 10., 48.],
        [48., 10., 40.],
        [48., 10., 24.],
        [28., 10., 24.],
        [48., 10., 16.]], dtype=torch.float64)
----------------------------------
tensor([ 3,  4,  9, 10,  7, 11,  8, 13, 12,  5,  6,  1,  2], dtype=torch.int32)
----------------------------------
[ 3  4  9 10  5  7  8 12 11  1 13  6  2]
----------------------------------
[[48.0003  9.9992 64.    ]
 [37.9996  0.     56.    ]
 [47.9996  9.9999 48.    ]
 [47.9996  9.9999 40.    ]
 [28.     10.0004 32.    ]
 [58.      9.9997 32.    ]
 [79.7397 11.4242 24.    ]
 [27.9999 10.0003 24.    ]
 [47.9997 10.     24.    ]
 [ 0.     10.0009 16.    ]
 [47.9998 10.0002 16.    ]
 [23.9998 10.0002 14.    ]
 [27.9999 10.0002  0.    ]]