tensor([[ 90.,  36.,  34.],
        [120.,  36.,  50.],
        [120.,  36.,  66.],
        [120.,  36.,  74.],
        [ 90.,  72.,  68.],
        [110.,  36.,  42.],
        [ 90.,   0.,  68.],
        [ 60.,  36.,  50.],
        [ 10.,  36.,  18.],
        [ 30.,  36.,  34.],
        [ 40.,  36.,  50.],
        [ 40.,  36.,  18.],
        [ 20.,  36.,   2.],
        [ 30.,  26.,   0.],
        [ 30.,  46.,   0.],
        [127.,  36.,  58.],
        [ 90.,  22.,  56.],
        [ 90.,   6.,  58.],
        [ 50.,  36.,  66.],
        [ 90.,  50.,  56.],
        [ 90.,  66.,  58.],
        [ 70.,  36.,  42.],
        [ 60.,  36.,  32.],
        [120.,  36.,  32.],
        [120.,  36.,  90.],
        [ 60.,  36.,  90.],
        [ 20.,  46.,  10.],
        [ 20.,  26.,  10.],
        [  0.,  26.,   8.],
        [  0.,  46.,   8.]], dtype=torch.float64)
----------------------------------
tensor([25,  4,  3, 16,  2, 26, 19,  8, 20, 17,  6, 22, 21,  5, 18,  7, 11, 10,
         1, 24, 23, 12,  9, 27, 28, 30, 29, 13, 15, 14], dtype=torch.int32)
----------------------------------
[25 26  4  5  7  3 19 21 16 18 20 17  2 11  8  6 22 10  1 24 23 12  9 27
 28 30 29 13 15 14]
----------------------------------
[[120.        36.        90.      ]
 [ 60.        36.        90.      ]
 [120.        36.        74.      ]
 [ 89.99999   72.        68.      ]
 [ 90.         0.        68.      ]
 [120.        36.        66.      ]
 [ 50.        36.        66.      ]
 [ 89.999992  66.        58.      ]
 [127.0149    36.        58.      ]
 [ 90.         6.        58.      ]
 [ 90.        50.        56.      ]
 [ 90.        22.        56.      ]
 [120.        36.        50.      ]
 [ 40.        36.        50.      ]
 [ 60.        36.        49.9999  ]
 [110.        36.        42.      ]
 [ 70.        36.        41.9999  ]
 [ 30.        36.        34.      ]
 [ 90.        36.        33.9999  ]
 [120.        36.        32.2     ]
 [ 60.        36.        32.1999  ]
 [ 40.        36.        18.      ]
 [ 10.        36.        18.      ]
 [ 20.        46.        10.      ]
 [ 20.        26.        10.      ]
 [  0.        46.         8.2     ]
 [  0.        26.         8.2     ]
 [ 20.        36.         2.      ]
 [ 30.        46.         0.      ]
 [ 30.        26.         0.      ]]