tensor([[40., 10., 10.],
        [20., 10., 10.],
        [ 0., 10., 10.],
        [20.,  0., 18.],
        [20., 20., 18.],
        [ 0.,  0.,  0.],
        [ 0., 20.,  0.],
        [40.,  0.,  0.],
        [20.,  0.,  0.],
        [20., 20.,  0.],
        [40., 20.,  0.]], dtype=torch.float64)
----------------------------------
tensor([ 5,  1,  4,  2,  3, 11, 10,  7,  8,  9,  6], dtype=torch.int32)
----------------------------------
[ 5  4  1  2  3 11 10  7  8  9  6]
----------------------------------
[[2.00000e+01 2.00001e+01 1.78000e+01]
 [2.00000e+01 1.00000e-04 1.78000e+01]
 [4.00000e+01 1.00001e+01 9.80000e+00]
 [2.00000e+01 1.00001e+01 9.80000e+00]
 [0.00000e+00 1.00000e+01 9.80000e+00]
 [4.00000e+01 2.00001e+01 0.00000e+00]
 [2.00000e+01 2.00001e+01 0.00000e+00]
 [0.00000e+00 2.00000e+01 0.00000e+00]
 [4.00000e+01 1.00000e-04 0.00000e+00]
 [2.00000e+01 1.00000e-04 0.00000e+00]
 [0.00000e+00 0.00000e+00 0.00000e+00]]