tensor([[ 23.,   0.,  24.],
        [ 23.,   0.,  44.],
        [ 57.,   0.,  44.],
        [ 57.,   0.,  24.],
        [ 40.,  24.,  46.],
        [ 40.,   8.,  34.],
        [ 40.,  24.,  60.],
        [ 40.,  34., 100.],
        [ 40.,  34.,  84.],
        [ 80.,  24.,  68.],
        [  0.,  24.,  68.],
        [ 40.,  24.,  22.],
        [ 40.,  34.,   8.],
        [ 50.,  44.,   0.],
        [ 30.,  44.,   0.],
        [ 40.,  34.,  76.],
        [ 40.,  34.,  68.]], dtype=torch.float64)
----------------------------------
tensor([ 8,  9, 16, 11, 10, 17,  7,  5,  6, 12,  3,  4,  2,  1, 13, 15, 14],
       dtype=torch.int32)
----------------------------------
[ 8  9 16 11 10 17  7  5  3  2  6  1  4 12 13 14 15]
----------------------------------
[[39.9992 33.9964 99.9994]
 [40.     34.     83.9989]
 [40.     34.     75.9989]
 [ 0.     24.0006 67.9999]
 [80.     24.     67.9999]
 [40.     34.     67.9988]
 [40.     24.     59.9999]
 [40.     24.     46.    ]
 [57.      0.     44.    ]
 [23.      0.     44.    ]
 [40.      8.     34.    ]
 [23.0001  0.     24.0001]
 [57.      0.     24.    ]
 [40.     24.     22.    ]
 [40.     34.      8.    ]
 [50.     44.      0.    ]
 [30.     44.      0.    ]]