tensor([[ 52.,  34.,  50.],
        [ 42.,  34.,  30.],
        [ 52.,  34.,   4.],
        [ 18.,  34.,  14.],
        [ 18.,  34.,   0.],
        [  0.,  34.,  14.],
        [ 62.,  58.,  30.],
        [ 62.,  10.,  30.],
        [ 82.,  58.,  38.],
        [ 82.,  10.,  38.],
        [112.,  58.,  30.],
        [112.,  10.,  30.],
        [ 62.,  64.,  30.],
        [ 62.,   4.,  30.],
        [ 92.,  34.,  20.],
        [ 92.,  34.,  50.],
        [ 92.,  64.,  30.],
        [ 92.,   4.,  30.],
        [ 82.,  69.,  57.],
        [ 82.,   0.,  58.],
        [ 82.,  36.,  30.],
        [ 62.,  32.,  30.],
        [ 62.,  34.,  14.],
        [ 40.,  34.,  14.],
        [ 72.,  50.,  30.],
        [ 72.,  18.,  30.],
        [132.,  34.,  30.],
        [ 72.,  34.,  46.],
        [ 42.,  34.,  38.],
        [102.,  34.,  38.]], dtype=torch.float64)
----------------------------------
tensor([ 1, 16, 28, 29, 30,  2, 25, 21,  9, 19, 17, 11, 13,  7, 22, 26, 10, 20,
        12, 18,  8, 14, 27, 15,  4,  6, 23, 24,  3,  5], dtype=torch.int32)
----------------------------------
[20 19  1 16 28 29 10 30  9  2 18 14 25 21 22 26 12  8 27 13  7 17 11 15
  4  6 23 24  3  5]
----------------------------------
[[ 81.9997   0.      58.3561]
 [ 82.0003  68.6073  57.4547]
 [ 51.9996  33.9586  49.9718]
 [ 92.0003  33.9586  49.9717]
 [ 71.9999  33.9586  45.9997]
 [ 41.9999  33.9586  37.9998]
 [ 81.9999   9.9587  37.9997]
 [101.9999  33.9586  37.9996]
 [ 81.9999  57.9583  37.9987]
 [ 42.      33.9586  29.9998]
 [ 92.       3.959   29.9998]
 [ 61.9999   3.9589  29.9998]
 [ 71.9998  49.9586  29.9997]
 [ 81.9998  35.9586  29.9997]
 [ 61.9998  31.9586  29.9997]
 [ 71.9999  17.9588  29.9997]
 [112.0001   9.9589  29.9997]
 [ 61.9999   9.9588  29.9997]
 [131.9998  33.9587  29.9996]
 [ 61.9999  63.9582  29.999 ]
 [ 61.9999  57.9583  29.999 ]
 [ 92.      63.9585  29.9986]
 [112.      57.9586  29.9986]
 [ 92.0001  33.9586  19.9996]
 [ 18.      33.9586  14.    ]
 [  0.      33.9586  14.    ]
 [ 61.9998  33.9586  13.9999]
 [ 39.9999  33.9585  13.9998]
 [ 52.0001  33.9586   3.9999]
 [ 17.9999  33.9585   0.    ]]