tensor([[10., 40., 40.],
        [10., 10., 40.],
        [10.,  0., 16.],
        [20.,  0.,  0.],
        [ 0.,  0.,  0.],
        [ 0., 30., 14.],
        [20., 30., 14.],
        [10., 70., 40.],
        [ 0., 60., 16.],
        [20., 60., 16.],
        [10., 50.,  2.],
        [10., 40., 24.],
        [10., 40., 16.],
        [10., 20., 56.],
        [10., 50., 56.]], dtype=torch.float64)
----------------------------------
tensor([15,  1,  8, 12, 13,  7,  6, 14,  2, 10,  9,  3, 11,  4,  5],
       dtype=torch.int32)
----------------------------------
[15 14  8  1  2 12 10  9 13  3  7  6 11  4  5]
----------------------------------
[[10. 50. 56.]
 [10. 20. 56.]
 [10. 70. 40.]
 [10. 40. 40.]
 [10. 10. 40.]
 [10. 40. 24.]
 [20. 60. 16.]
 [ 0. 60. 16.]
 [10. 40. 16.]
 [10.  0. 16.]
 [20. 30. 14.]
 [ 0. 30. 14.]
 [10. 50.  2.]
 [20.  0.  0.]
 [ 0.  0.  0.]]