tensor([[ 20., 120.,  30.],
        [ 40., 100.,  22.],
        [  0., 100.,  22.],
        [ 20.,  80.,  22.],
        [ 40.,  60.,  22.],
        [  0.,  60.,  22.],
        [ 30.,  40.,  22.],
        [ 10.,  40.,  22.],
        [ 20.,  80.,   6.],
        [ 30.,  20.,  22.],
        [ 30.,   0.,  22.],
        [ 10.,  20.,  22.],
        [ 10.,   0.,  22.],
        [ 20.,  30.,   6.],
        [ 10.,  60.,   0.],
        [ 30.,  60.,   0.],
        [ 20., 150.,  32.],
        [ 20.,  90.,  38.],
        [ 30.,  20.,  38.],
        [ 10.,  20.,  38.]], dtype=torch.float64)
----------------------------------
tensor([18,  1, 17,  2,  3,  4,  5,  6,  9, 14, 16, 15, 19,  7, 10, 11, 20,  8,
        12, 13], dtype=torch.int32)
----------------------------------
[18 19 20 17  1  2  3  4  5  6  7  8 10 12 11 13  9 14 16 15]
----------------------------------
[[ 20.  90.  38.]
 [ 30.  20.  38.]
 [ 10.  20.  38.]
 [ 20. 150.  32.]
 [ 20. 120.  30.]
 [ 40. 100.  22.]
 [  0. 100.  22.]
 [ 20.  80.  22.]
 [ 40.  60.  22.]
 [  0.  60.  22.]
 [ 30.  40.  22.]
 [ 10.  40.  22.]
 [ 30.  20.  22.]
 [ 10.  20.  22.]
 [ 30.   0.  22.]
 [ 10.   0.  22.]
 [ 20.  80.   6.]
 [ 20.  30.   6.]
 [ 30.  60.   0.]
 [ 10.  60.   0.]]