tensor([[20.,  0., 50.],
        [20.,  2., 40.],
        [20., 56., 50.],
        [20., 54., 40.],
        [20., 28., 56.],
        [22., 40., 40.],
        [22., 16., 40.],
        [10., 18., 64.],
        [10., 38., 64.],
        [10., 28., 16.],
        [ 0., 28.,  6.],
        [20., 28.,  0.],
        [34., 28., 40.],
        [20., 42.,  0.],
        [20., 14.,  0.],
        [20., 28., 24.]], dtype=torch.float64)
----------------------------------
tensor([ 9,  5,  8,  6,  7,  3,  4,  1,  2, 13, 16, 10, 12, 11, 14, 15],
       dtype=torch.int32)
----------------------------------
[ 9  8  5  3  1  4  6 13  7  2 16 10 11 14 12 15]
----------------------------------
[[10.     38.     64.    ]
 [10.     18.     64.    ]
 [20.     28.     56.    ]
 [20.     56.     50.0003]
 [20.      0.     50.0003]
 [20.     54.     40.    ]
 [22.     40.     40.    ]
 [34.     28.0001 40.    ]
 [22.     16.     40.    ]
 [20.      2.     40.    ]
 [20.     28.     24.    ]
 [10.     28.     16.    ]
 [ 0.     28.      6.2   ]
 [20.     42.      0.    ]
 [20.     28.      0.    ]
 [20.     14.      0.    ]]