tensor([[ 30.,  20.,  50.],
        [ 30.,  60.,  50.],
        [  0.,   0.,  48.],
        [  0.,  80.,  48.],
        [ 60.,   0.,  48.],
        [120.,  66.,  18.],
        [ 60.,  80.,  48.],
        [ 90.,  40.,  42.],
        [ 80.,  40.,  50.],
        [100.,  40.,  50.],
        [140.,  40.,  34.],
        [100.,  40.,  26.],
        [110.,  30.,   8.],
        [120.,  52.,  18.],
        [110.,  50.,   8.],
        [130.,  40.,   0.],
        [120.,  28.,  18.],
        [ 30.,  40.,  42.],
        [ 30.,  40.,  34.],
        [120.,  14.,  18.],
        [ 80.,  40.,  24.],
        [ 10.,  20.,  18.],
        [ 50.,  60.,  18.],
        [ 10.,  60.,  18.],
        [ 50.,  20.,  18.],
        [120.,  72.,  18.],
        [120.,   8.,  18.],
        [130.,  30.,  46.],
        [130.,  50.,  46.],
        [100.,  50.,  34.],
        [100.,  30.,  34.],
        [140.,  40.,  18.]], dtype=torch.float64)
----------------------------------
tensor([ 2, 10,  9,  1,  8, 29, 28,  7,  4,  5,  3, 18, 19, 30, 11, 31, 12, 21,
        23, 24, 14, 32, 17, 25, 22, 15,  6, 26, 20, 27, 13, 16],
       dtype=torch.int32)
----------------------------------
[ 2 10  9  1  7  4  5  3 29 28  8 18 19 30 11 31 12 21 26  6 23 24 14 32
 17 25 22 20 27 15 13 16]
----------------------------------
[[ 30.       60.       50.     ]
 [100.       40.       50.     ]
 [ 80.       40.       50.     ]
 [ 30.       20.       50.     ]
 [ 60.       80.       48.     ]
 [  0.       80.       48.     ]
 [ 60.        0.       48.     ]
 [  0.        0.       48.     ]
 [130.0003   50.       45.972  ]
 [130.0003   30.       45.972  ]
 [ 90.       40.       42.     ]
 [ 30.       40.       42.     ]
 [ 30.       40.       34.0002 ]
 [100.       50.       34.0001 ]
 [140.       40.       34.     ]
 [100.       29.9998   34.     ]
 [100.       39.9997   26.     ]
 [ 80.       39.99998  24.2    ]
 [120.       71.9999   18.     ]
 [120.       65.9999   18.     ]
 [ 50.       60.       18.     ]
 [ 10.       60.       18.     ]
 [120.       52.       18.     ]
 [139.9998   40.       18.     ]
 [119.9999   27.9998   18.     ]
 [ 50.       20.       18.     ]
 [ 10.       20.       18.     ]
 [119.9999   13.9998   18.     ]
 [119.9999    7.9998   18.     ]
 [110.       50.        8.     ]
 [109.9999   29.9998    8.     ]
 [130.0001   40.        0.     ]]