tensor([[16., 18., 56.],
        [16., 18., 40.],
        [16., 32., 40.],
        [32.,  8., 40.],
        [ 0.,  8., 40.],
        [16.,  0., 40.],
        [16., 18., 16.],
        [16.,  0., 16.],
        [16.,  8.,  0.],
        [16., 36., 16.],
        [30., 18., 16.],
        [ 2., 18., 16.]], dtype=torch.float64)
----------------------------------
tensor([ 1,  2,  3,  4,  5,  6, 11,  7, 12, 10,  9,  8], dtype=torch.int32)
----------------------------------
[ 1  3  2  4  5  6 10 11  7 12  8  9]
----------------------------------
[[16.  17.8 56. ]
 [16.  31.8 40. ]
 [16.  17.8 40. ]
 [32.   7.8 40. ]
 [ 0.   7.8 40. ]
 [16.   0.  40. ]
 [16.  35.6 16. ]
 [30.  17.8 16. ]
 [16.  17.8 16. ]
 [ 2.  17.8 16. ]
 [16.   0.  16. ]
 [16.   7.8  0. ]]