tensor([[ 24.,  40., 192.],
        [ 24., 140., 192.],
        [ 24.,  40., 168.],
        [ 24., 140., 168.],
        [ 24.,  90., 152.],
        [ 24.,  90., 120.],
        [ 24.,  80., 112.],
        [ 24., 110., 114.],
        [ 24.,  50., 112.],
        [ 24.,  50.,  96.],
        [ 24.,  82.,  96.],
        [ 36.,  40.,  40.],
        [ 12.,  40.,  40.],
        [ 24.,  62.,  40.],
        [ 24.,  40.,  16.],
        [ 24.,  40.,  24.],
        [ 24.,  20.,  48.],
        [ 34.,  10.,  46.],
        [ 14.,  10.,  46.],
        [ 24.,   0.,  72.],
        [ 24.,  20.,  34.],
        [ 24.,   0.,  64.],
        [ 14., 150., 118.],
        [ 34., 150., 118.],
        [ 24., 140., 106.],
        [ 24., 160., 144.],
        [ 24., 160., 168.],
        [ 24., 160., 192.],
        [ 24., 160., 184.],
        [ 24.,  98.,  96.],
        [ 24.,  80.,  70.],
        [ 24.,  78.,  40.],
        [ 24.,  60.,  22.],
        [  0.,  40.,  40.],
        [ 48.,  40.,  40.],
        [ 24.,  60.,  64.],
        [ 24.,  30.,  64.],
        [ 14.,  60.,  80.],
        [ 34.,  60.,  80.],
        [ 24.,  50., 136.],
        [ 24., 110., 136.],
        [ 24.,  40.,   0.]], dtype=torch.float64)
----------------------------------
tensor([ 4,  2,  5,  3,  1, 41, 40,  6, 24, 26, 27, 29, 28,  8,  9,  7, 11, 10,
        39, 38, 37, 17, 19, 22, 20, 23, 25, 31, 36, 18, 14, 13, 12, 21, 16, 33,
        15, 42, 30, 32, 35, 34], dtype=torch.int32)
----------------------------------

28 29 27 26 24 2 4 1 3  41, 40,  6, 5 23   8  7  9 25 30 11 10 39 38 20 31 36 37 22 17 18 19 32 14 35 12 13 34 21 16 33 15 42


[ 5 23   8  7  9 25 30 11 10 39 38 20
 31 36 37 22 17 18 19 32 14 35 12 13 34 21 16 33 15 42]
----------------------------------
[[ 24.0001 160.0003 192.    ]
 [ 24.     139.9998 192.    ]
 [ 24.      39.9999 192.    ]
 [ 24.0001 160.0001 184.    ]
 [ 24.0001 160.0001 168.    ]
 [ 24.     140.     168.    ]
 [ 24.      39.9999 168.    ]
 [ 24.      90.     152.    ]
 [ 24.     160.     144.    ]
 [ 24.     110.     136.    ]
 [ 24.      50.     136.    ]
 [ 24.      90.     120.    ]
 [ 13.9972 150.0007 118.    ]
 [ 34.     150.     118.    ]
 [ 24.     110.     114.    ]
 [ 24.0015  79.9999 112.    ]
 [ 24.      50.     112.    ]
 [ 23.9974 140.0006 106.    ]
 [ 24.0015  97.7999  96.    ]
 [ 24.0015  81.9999  96.    ]
 [ 24.      50.      96.    ]
 [ 34.      60.      80.    ]
 [ 14.      60.      80.    ]
 [ 24.       0.      72.    ]
 [ 24.      80.      70.2   ]
 [ 24.0001  60.      64.    ]
 [ 24.      30.      64.    ]
 [ 24.       0.      64.    ]
 [ 24.      20.      48.    ]
 [ 34.      10.      46.    ]
 [ 14.      10.      46.    ]
 [ 24.      77.8     40.    ]
 [ 24.      62.      40.    ]
 [ 48.      40.      40.    ]
 [ 36.      40.      40.    ]
 [ 12.      40.      40.    ]
 [  0.      40.      40.    ]
 [ 24.      20.      34.    ]
 [ 24.      40.      24.    ]
 [ 24.      60.      22.2   ]
 [ 24.      40.      16.    ]
 [ 24.      40.       0.    ]]