tensor([[ 60.,  20., 110.],
        [ 60.,  40., 110.],
        [ 70.,  30.,  86.],
        [ 30.,  30.,  62.],
        [ 50.,  30.,  24.],
        [110.,  30.,   0.],
        [140.,  30.,  20.],
        [ 60.,  60.,  44.],
        [ 60.,   0.,  44.],
        [120.,  54.,  14.],
        [100.,  30.,  14.],
        [120.,   6.,  14.],
        [120.,  18.,  14.],
        [120.,  42.,  14.],
        [ 80.,   0.,  24.],
        [ 80.,  60.,  24.],
        [ 70.,  10.,  62.],
        [ 80.,   0.,  38.],
        [ 70.,  50.,  62.],
        [ 80.,  60.,  38.],
        [ 20.,  30.,  44.],
        [ 80.,  30.,  20.],
        [ 10.,  30.,  78.],
        [  0.,  20.,  68.],
        [  0.,  40.,  68.],
        [110.,  30.,  62.],
        [100.,  30.,  38.],
        [130.,  30.,  38.],
        [ 80.,  30.,  38.],
        [ 50.,  30.,  38.]], dtype=torch.float64)
----------------------------------
tensor([ 2,  3,  1, 19, 26,  4, 23, 24, 25, 17,  8, 21,  9, 20, 28, 27, 29, 30,
        18, 16,  5, 15,  7, 22, 10, 14, 11, 13, 12,  6], dtype=torch.int32)
----------------------------------
[ 2  1  3 23 25 24 19 26  4 17  8 21  9 20 28 27 29 30 18 16  5 15  7 22
 10 14 11 13 12  6]
----------------------------------
[[ 60.   40.  110. ]
 [ 60.   20.  110. ]
 [ 70.   30.   86. ]
 [ 10.   30.   78. ]
 [  0.   40.   68.2]
 [  0.   20.   68.2]
 [ 70.   50.   62. ]
 [110.   30.   62. ]
 [ 30.   30.   62. ]
 [ 70.   10.   62. ]
 [ 60.   60.   44.2]
 [ 20.   30.   44.2]
 [ 60.    0.   44.2]
 [ 80.   60.   38. ]
 [130.   30.   38. ]
 [100.   30.   38. ]
 [ 80.   30.   38. ]
 [ 50.   30.   38. ]
 [ 80.    0.   38. ]
 [ 80.   60.   24. ]
 [ 50.   30.   24. ]
 [ 80.    0.   24. ]
 [140.   30.   20.2]
 [ 80.   30.   20.2]
 [120.   54.   14. ]
 [120.   42.   14. ]
 [100.   30.   14. ]
 [120.   18.   14. ]
 [120.    6.   14. ]
 [110.   30.    0. ]]