tensor([[20., 40., 30.],
        [20., 40., 22.],
        [30., 50., 20.],
        [10., 50., 20.],
        [20., 20., 30.],
        [20., 40.,  8.],
        [20., 20., 22.],
        [20., 20., 14.],
        [20., 10., 12.],
        [ 0., 20., 14.],
        [40., 20., 14.],
        [20., 20.,  0.],
        [20.,  0., 38.],
        [20.,  0., 54.],
        [20., 60., 46.],
        [20., 30., 46.]], dtype=torch.float64)
----------------------------------
tensor([16,  5,  7,  8, 14, 13,  9,  1,  2, 11, 10, 12, 15,  4,  3,  6],
       dtype=torch.int32)
----------------------------------
[14 15 16 13  1  5  2  7  3  4 11  8 10  9  6 12]
----------------------------------
[[20.       0.      54.     ]
 [20.      60.      46.     ]
 [20.      30.      46.     ]
 [20.       0.      38.     ]
 [20.      40.      30.     ]
 [20.      20.      30.     ]
 [20.      40.      22.     ]
 [20.      20.      22.     ]
 [30.      50.00001 20.     ]
 [10.      50.00001 20.     ]
 [40.      20.      14.     ]
 [20.      20.      14.     ]
 [ 0.      20.      14.     ]
 [20.      10.      12.     ]
 [20.      40.       8.     ]
 [20.      20.       0.     ]]