tensor([[20.,  6., 56.],
        [20., 26., 56.],
        [60.,  6., 56.],
        [60., 26., 56.],
        [20.,  6., 48.],
        [60.,  6., 48.],
        [60., 26., 48.],
        [20., 26., 48.],
        [20., 16., 24.],
        [10., 16., 16.],
        [20., 16.,  0.],
        [40., 36.,  8.],
        [60., 36.,  8.],
        [60.,  0., 16.],
        [40.,  0., 16.],
        [40.,  6., 40.],
        [40., 26., 40.],
        [60., 16., 32.],
        [40., 16., 32.],
        [20., 16., 32.],
        [ 0., 16.,  6.],
        [50., 14., 16.],
        [20., 16.,  8.],
        [50., 20.,  6.]], dtype=torch.float64)
----------------------------------
tensor([17, 18, 16,  4,  7,  2,  8,  3,  6,  1,  5, 19, 20,  9, 10, 22, 14, 15,
        13, 12, 23, 21, 24, 11], dtype=torch.int32)
----------------------------------
[ 4  2  3  1  7  8  6  5 17 16 18 19 20  9 10 22 14 15 13 12 23 21 24 11]
----------------------------------
[[60.      25.9998  56.     ]
 [20.      25.9998  56.     ]
 [60.       5.9998  56.     ]
 [20.       5.9998  56.     ]
 [60.      25.9998  48.     ]
 [20.      25.9998  48.     ]
 [60.       5.9998  48.     ]
 [20.       5.9998  48.     ]
 [40.      25.9998  40.     ]
 [40.       5.9999  40.     ]
 [60.      15.99989 32.     ]
 [40.      15.99984 32.     ]
 [20.      15.9998  32.     ]
 [20.      15.9998  24.     ]
 [10.      15.9998  16.     ]
 [50.0001  14.      16.     ]
 [60.0002   0.      16.     ]
 [40.0001   0.      16.     ]
 [60.0002  36.0001   8.     ]
 [40.0002  36.0001   8.     ]
 [20.      15.9998   8.     ]
 [ 0.      15.9998   6.2    ]
 [50.0001  20.       6.     ]
 [20.      15.9998   0.     ]]