tensor([[ 60.,  30.,  48.],
        [ 30.,  30.,  48.],
        [ 50.,   0., 120.],
        [ 50.,  60., 120.],
        [ 80.,  30.,  72.],
        [100.,  30.,  88.],
        [ 80.,  30.,  96.],
        [ 70.,  30.,  88.],
        [ 70.,  30., 104.],
        [110.,  30.,  82.],
        [ 90.,  30.,  58.],
        [ 40.,  30.,  72.],
        [ 30.,  30.,  24.],
        [ 70.,  30.,  34.],
        [ 30.,  30.,  32.],
        [  0.,  20.,  14.],
        [  0.,  40.,  14.],
        [ 30.,  56.,   0.],
        [ 30.,   4.,   0.],
        [ 40.,   0.,  96.],
        [ 40.,  60.,  96.],
        [ 30.,  18.,   0.],
        [ 30.,  42.,   0.],
        [ 40.,   0.,  34.],
        [ 40.,  60.,  34.],
        [ 50.,  30.,  24.],
        [ 50.,  30.,   0.],
        [ 20.,  20.,  16.],
        [ 20.,  40.,  16.]], dtype=torch.float64)
----------------------------------
tensor([ 9,  7,  6,  8,  5,  1,  4, 21,  3, 20, 12, 10, 11,  2, 25, 14, 24, 15,
        26, 13, 29, 28, 17, 16, 18, 23, 27, 22, 19], dtype=torch.int32)
----------------------------------
[ 4  3  9 21  7 20  6  8 10  5 12 11  1  2 25 14 24 15 26 13 29 28 17 16
 18 23 27 22 19]
----------------------------------
[[ 50.0003  60.     120.    ]
 [ 50.0003   0.     120.    ]
 [ 70.0003  30.     104.    ]
 [ 40.0003  60.      96.    ]
 [ 80.0003  30.      96.    ]
 [ 40.0003   0.      96.    ]
 [100.0003  30.      88.    ]
 [ 70.0003  30.      88.    ]
 [110.0003  30.      82.    ]
 [ 80.0003  30.      72.    ]
 [ 40.0003  30.      72.    ]
 [ 90.0003  30.      58.    ]
 [ 60.0003  30.      48.    ]
 [ 30.0003  30.      48.    ]
 [ 40.0003  60.      34.    ]
 [ 70.0003  30.      34.    ]
 [ 40.0003   0.      34.    ]
 [ 30.0003  30.      32.    ]
 [ 50.0003  30.      24.    ]
 [ 30.0003  30.      24.    ]
 [ 20.0003  40.      16.    ]
 [ 20.0003  20.      16.    ]
 [  0.      40.      14.    ]
 [  0.      20.0001  14.    ]
 [ 30.0003  56.       0.    ]
 [ 30.0003  42.       0.    ]
 [ 50.0003  30.       0.    ]
 [ 30.0003  18.       0.    ]
 [ 30.0003   4.       0.    ]]