tensor([[30., 20., 48.],
        [30.,  0., 48.],
        [30., 10., 16.],
        [20., 10.,  8.],
        [ 2., 20.,  0.],
        [ 2.,  0.,  0.],
        [ 0.,  0., 48.],
        [ 0., 20., 48.],
        [20., 10., 32.]], dtype=torch.float64)
----------------------------------
tensor([2, 9, 7, 8, 1, 3, 4, 6, 5], dtype=torch.int32)
----------------------------------
[1 8 2 7 9 3 4 5 6]
----------------------------------
[[30. 20. 48.]
 [ 0. 20. 48.]
 [30.  0. 48.]
 [ 0.  0. 48.]
 [20. 10. 32.]
 [30. 10. 16.]
 [20. 10.  8.]
 [ 2. 20.  0.]
 [ 2.  0.  0.]]