tensor([[100.,  20.,  88.],
        [ 70.,  40.,  64.],
        [100.,  20.,  64.],
        [130.,  40.,  64.],
        [100.,  20.,  40.],
        [140.,  10.,  16.],
        [ 60.,  10.,  16.],
        [130.,  32.,  16.],
        [ 70.,  32.,  16.],
        [100.,   0.,   0.],
        [200.,  10.,  88.],
        [  0.,  10.,  88.],
        [ 60.,  40., 112.],
        [140.,  40., 112.],
        [140.,  10., 112.],
        [ 60.,  10., 112.],
        [100.,  40.,  16.],
        [100.,  10.,  16.],
        [160.,  10.,  64.],
        [ 40.,  10.,  64.],
        [ 70.,  44.,  16.],
        [130.,  44.,  16.]], dtype=torch.float64)
----------------------------------
tensor([16,  1, 15, 13, 14,  4,  2,  3, 19, 11, 20, 12,  5, 17,  8,  9, 22, 21,
         6, 18,  7, 10], dtype=torch.int32)
----------------------------------
[14 13 15 16  1 11 12  4  2  3 19 20  5 22 21 17  8  9  6 18  7 10]
----------------------------------
[[140.  40. 112.]
 [ 60.  40. 112.]
 [140.  10. 112.]
 [ 60.  10. 112.]
 [100.  20.  88.]
 [200.  10.  88.]
 [  0.  10.  88.]
 [130.  40.  64.]
 [ 70.  40.  64.]
 [100.  20.  64.]
 [160.  10.  64.]
 [ 40.  10.  64.]
 [100.  20.  40.]
 [130.  44.  16.]
 [ 70.  44.  16.]
 [100.  40.  16.]
 [130.  32.  16.]
 [ 70.  32.  16.]
 [140.  10.  16.]
 [100.  10.  16.]
 [ 60.  10.  16.]
 [100.   0.   0.]]