tensor([[10., 40., 40.],
        [10.,  0., 16.],
        [10., 10., 40.],
        [10., 70., 40.],
        [10., 50., 16.],
        [20.,  0.,  0.],
        [ 0.,  0.,  0.],
        [ 0., 40., 56.],
        [20., 40., 56.]], dtype=torch.float64)
----------------------------------
tensor([9, 4, 8, 3, 1, 5, 2, 6, 7], dtype=torch.int32)
----------------------------------
[9 8 4 1 3 5 2 6 7]
----------------------------------
[[20. 40. 56.]
 [ 0. 40. 56.]
 [10. 70. 40.]
 [10. 40. 40.]
 [10. 10. 40.]
 [10. 50. 16.]
 [10.  0. 16.]
 [20.  0.  0.]
 [ 0.  0.  0.]]