tensor([[ 20.,   0.,  16.],
        [ 20.,  60.,  34.],
        [ 20.,  40.,  26.],
        [ 20.,  50.,  18.],
        [ 20.,  40.,  10.],
        [ 20.,  40.,   2.],
        [ 20.,  80.,  18.],
        [ 20.,  64.,  88.],
        [ 20.,  78.,  80.],
        [ 20.,  30.,  80.],
        [ 20.,  32.,  70.],
        [ 20.,  22.,  60.],
        [ 20.,  40.,  48.],
        [  0.,  68., 170.],
        [ 30.,  58., 170.],
        [ 20.,  78., 114.],
        [ 20.,  98., 106.],
        [ 20., 118.,  98.],
        [ 30., 118., 110.],
        [ 10., 118., 110.],
        [ 20.,  68.,  98.],
        [ 20.,  88.,  98.],
        [ 20.,  98.,  90.],
        [ 20., 118.,  88.],
        [ 20.,  20.,  18.],
        [ 20.,  60.,   0.],
        [ 20.,  20.,   0.],
        [ 30.,  68., 154.],
        [ 10.,  68., 154.],
        [ 10.,  68., 130.],
        [ 30.,  68., 130.],
        [ 20.,  48.,  90.]], dtype=torch.float64)
----------------------------------
tensor([14, 29, 30, 15, 28, 31, 16, 19, 20, 17, 18, 22, 21, 23, 32, 24,  8,  9,
        10, 11, 12, 13,  2,  3,  7,  4, 25,  1,  5,  6, 26, 27],
       dtype=torch.int32)
----------------------------------
[14 15 28 29 31 30 16 19 20 17 18 22 21 23 32 24  8  9 10 11 12 13  2  3
  7  4 25  1  5  6 26 27]
----------------------------------
[[  0.         68.0002    170.       ]
 [ 30.         58.0002    170.       ]
 [ 30.         68.0002    154.       ]
 [ 10.         68.0002    154.       ]
 [ 30.         68.0002    130.       ]
 [ 10.         68.0002    130.       ]
 [ 20.         78.0002    114.       ]
 [ 30.        118.0006    109.9721   ]
 [ 10.        118.0006    109.9721   ]
 [ 20.         98.0002    106.       ]
 [ 20.        118.0002     98.       ]
 [ 20.         88.0002     98.       ]
 [ 20.         68.0002     98.       ]
 [ 20.         98.0002     90.       ]
 [ 20.         48.0002     90.       ]
 [ 20.        118.0005     88.       ]
 [ 20.         64.0002     88.       ]
 [ 19.9999     78.0006     80.       ]
 [ 20.0056     30.0002     80.       ]
 [ 20.0056     32.0002     70.       ]
 [ 20.0056     22.0002     59.9997   ]
 [ 20.0056     40.0002     48.       ]
 [ 20.0054     60.00022    34.       ]
 [ 20.0056     40.0002     26.       ]
 [ 20.0056     80.0002     18.       ]
 [ 20.0056     50.0003     18.       ]
 [ 20.0056     20.0003     18.       ]
 [ 20.0056      0.         16.       ]
 [ 20.0059     40.0003     10.       ]
 [ 20.0056     40.0003      2.       ]
 [ 20.0054     60.0005435   0.       ]
 [ 20.0055     20.          0.       ]]