tensor([[ 40.,  48., 136.],
        [ 80.,  38.,  86.],
        [ 40.,  38.,  96.],
        [ 40.,  58.,  96.],
        [ 40.,  58.,  80.],
        [  0.,  38.,  86.],
        [ 40.,  48.,  72.],
        [ 60.,  48.,  56.],
        [ 20.,  48.,  56.],
        [ 40.,  58.,  32.],
        [ 60.,  38.,   8.],
        [ 20.,  38.,   8.],
        [ 20.,  58.,   0.],
        [ 60.,  58.,   0.],
        [ 40.,  58.,  16.],
        [ 40.,   0.,  42.],
        [ 70.,  24.,  32.],
        [ 10.,  24.,  32.],
        [ 40.,  14.,  42.],
        [ 40.,  18.,  98.],
        [ 40.,  58., 128.],
        [ 30.,  68., 126.],
        [ 30.,  58., 112.],
        [ 50.,  68., 126.],
        [ 50.,  58., 112.],
        [ 40.,  38., 120.],
        [ 70.,  28., 120.],
        [ 10.,  28., 120.],
        [ 10.,  58., 120.],
        [ 70.,  58., 120.],
        [ 60.,  36.,  32.],
        [ 20.,  36.,  32.],
        [ 40.,  34.,  86.]], dtype=torch.float64)
----------------------------------
tensor([ 1, 21, 24, 22, 30, 29, 27, 26, 28, 25, 23,  4,  3,  6,  2, 33,  5, 20,
         7,  8,  9, 31, 32, 19, 16, 18, 17, 10, 15, 11, 12, 13, 14],
       dtype=torch.int32)
----------------------------------
[ 1 21 24 22 30 29 27 26 28 25 23 20  4  3  6  2 33  5  7  8  9 19 16 31
 32 18 10 17 15 11 12 13 14]
----------------------------------
[[3.9999982e+01 4.8000000e+01 1.3600010e+02]
 [3.9999980e+01 5.8000000e+01 1.2800000e+02]
 [4.9999900e+01 6.8000000e+01 1.2600010e+02]
 [2.9999900e+01 6.8000000e+01 1.2600010e+02]
 [6.9999800e+01 5.8000000e+01 1.2000010e+02]
 [1.0000000e+01 5.8000000e+01 1.2000010e+02]
 [7.0000000e+01 2.8000000e+01 1.2000010e+02]
 [3.9999980e+01 3.8000000e+01 1.2000000e+02]
 [1.0000000e+01 2.7999970e+01 1.2000000e+02]
 [4.9999900e+01 5.8000000e+01 1.1200010e+02]
 [2.9999900e+01 5.8000000e+01 1.1200010e+02]
 [3.9999800e+01 1.8000000e+01 9.8000000e+01]
 [3.9999890e+01 5.8000000e+01 9.6000000e+01]
 [3.9999850e+01 3.8000000e+01 9.6000000e+01]
 [0.0000000e+00 3.8000000e+01 8.6000200e+01]
 [7.9999700e+01 3.8000000e+01 8.6000000e+01]
 [3.9999800e+01 3.4000000e+01 8.6000000e+01]
 [3.9999872e+01 5.8000000e+01 8.0000000e+01]
 [3.9999782e+01 4.8000000e+01 7.2000000e+01]
 [5.9999800e+01 4.8000000e+01 5.6000100e+01]
 [1.9999300e+01 4.7999900e+01 5.6000100e+01]
 [3.9999420e+01 1.4000000e+01 4.2000000e+01]
 [3.9999420e+01 0.0000000e+00 4.2000000e+01]
 [5.9999500e+01 3.5999800e+01 3.2000100e+01]
 [1.9999400e+01 3.5999700e+01 3.2000100e+01]
 [9.9993000e+00 2.3999800e+01 3.2000100e+01]
 [3.9999370e+01 5.8000000e+01 3.2000000e+01]
 [6.9999500e+01 2.3999800e+01 3.2000000e+01]
 [3.9999362e+01 5.8000000e+01 1.6000000e+01]
 [5.9999700e+01 3.7999900e+01 8.0001000e+00]
 [1.9999300e+01 3.7999900e+01 8.0001000e+00]
 [1.9999200e+01 5.8000000e+01 1.0000000e-04]
 [5.9999700e+01 5.8000000e+01 0.0000000e+00]]