tensor([[  0.,  20.,  72.],
        [ 40.,  20.,  58.],
        [ 57.,   4.,  34.],
        [ 57.,  36.,  34.],
        [ 50.,  36.,   0.],
        [ 50.,   4.,   0.],
        [ 60.,   0.,  64.],
        [100.,   0.,  80.],
        [ 50.,   0.,  74.],
        [ 50.,   0.,  66.],
        [ 50.,   0.,  52.],
        [ 60.,  40.,  64.],
        [100.,  40.,  80.],
        [ 50.,  40.,  66.],
        [ 50.,  40.,  52.],
        [ 20.,  20.,  74.],
        [ 50.,  20.,  10.],
        [ 68.,  20.,  10.],
        [ 50.,  20.,  34.],
        [ 50.,  10.,  82.],
        [ 50.,  40.,  82.],
        [ 50.,  30.,  74.],
        [ 80.,  40.,  82.],
        [ 80.,   0.,  82.]], dtype=torch.float64)
----------------------------------
tensor([21, 20, 22,  9, 10, 14,  2, 16,  1, 12,  7, 23, 24, 13,  8, 15, 11,  4,
        19,  3, 18, 17,  5,  6], dtype=torch.int32)
----------------------------------
[23 21 20 24 13  8 22 16  9  1 14 10 12  7  2 15 11  4 19  3 18 17  5  6]
----------------------------------
[[ 80.0003   40.       82.     ]
 [ 50.0004   40.       82.     ]
 [ 50.0004   10.       82.     ]
 [ 80.0004    0.       82.     ]
 [100.0006   40.       80.     ]
 [100.0007    0.       80.     ]
 [ 50.0004   30.       74.     ]
 [ 20.0004   20.       74.     ]
 [ 50.0004    0.       74.     ]
 [  0.       20.       72.     ]
 [ 50.0004   40.       66.     ]
 [ 50.0004    0.       66.     ]
 [ 60.00036  40.       64.     ]
 [ 60.0004    0.       64.     ]
 [ 40.0004   20.       58.     ]
 [ 50.0004   40.       52.     ]
 [ 50.0004    0.       52.     ]
 [ 57.0004   36.       34.     ]
 [ 50.0004   20.       34.     ]
 [ 57.0004    4.       34.     ]
 [ 67.8004   20.       10.     ]
 [ 50.0004   20.       10.     ]
 [ 50.0004   36.        0.     ]
 [ 50.0004    4.        0.     ]]