tensor([[14., 16., 80.],
        [24., 16., 96.],
        [28., 16., 56.],
        [14., 16., 56.],
        [ 0., 16., 56.],
        [ 5.,  0., 66.],
        [ 5., 32., 66.],
        [34., 16., 24.],
        [24., 16., 40.],
        [44., 16.,  0.],
        [52., 16., 24.],
        [34.,  0., 24.],
        [34., 32., 24.]], dtype=torch.float64)
----------------------------------
tensor([ 2,  1,  7,  4,  6,  3,  5,  9,  8, 13, 11, 12, 10], dtype=torch.int32)
----------------------------------
[ 2  1  7  6  3  4  5  9 13 11  8 12 10]
----------------------------------
[[24.     16.     96.0001]
 [14.     16.     80.0001]
 [ 4.75   32.     66.0001]
 [ 4.75    0.     66.0001]
 [28.     16.     56.0001]
 [14.     16.     56.0001]
 [ 0.     16.     56.0001]
 [24.     16.     40.0001]
 [34.     32.     24.    ]
 [51.8    16.     24.    ]
 [34.     16.     24.    ]
 [34.      0.     24.    ]
 [44.     16.      0.    ]]