tensor([[ 0., 20., 16.],
        [ 0.,  0., 16.],
        [12., 10., 40.],
        [32., 20., 56.],
        [52., 10., 40.],
        [ 2.,  0.,  0.],
        [ 2., 20.,  0.],
        [32., 10., 16.]], dtype=torch.float64)
----------------------------------
tensor([5, 4, 3, 8, 2, 1, 7, 6], dtype=torch.int32)
----------------------------------
[4 5 3 1 8 2 7 6]
----------------------------------
[[32. 20. 56.]
 [52. 10. 40.]
 [12. 10. 40.]
 [ 0. 20. 16.]
 [32. 10. 16.]
 [ 0.  0. 16.]
 [ 2. 20.  0.]
 [ 2.  0.  0.]]