tensor([[10., 24., 40.],
        [10., 24., 16.],
        [10., 10., 18.],
        [10., 34., 24.],
        [10., 24.,  8.],
        [10., 24.,  0.],
        [20., 34., 46.],
        [ 0., 34., 46.],
        [10.,  0., 16.],
        [20., 14., 48.],
        [ 0., 14., 48.],
        [10., 24., 32.]], dtype=torch.float64)
----------------------------------
tensor([ 9, 10, 11,  7,  8,  1, 12,  4,  3,  2,  5,  6], dtype=torch.int32)
----------------------------------
[10 11  7  8  1 12  4  3  9  2  5  6]
----------------------------------
[[20.     14.1119 48.0346]
 [ 0.     14.1119 48.0346]
 [20.     34.1047 45.9647]
 [ 0.     34.1047 45.9647]
 [10.     24.0838 39.9997]
 [10.     24.0559 31.9998]
 [10.     34.0278 23.9649]
 [10.     10.007  18.0488]
 [10.      0.     16.0838]
 [10.     24.     15.9999]
 [10.     23.972   7.9999]
 [10.     23.944   0.    ]]