tensor([[10., 30., 56.],
        [10., 16., 56.],
        [ 0., 32., 80.],
        [20., 32., 80.],
        [10.,  0., 56.],
        [10., 32., 40.],
        [10., 56., 24.],
        [10., 34., 24.],
        [10., 32.,  0.]], dtype=torch.float64)
----------------------------------
tensor([4, 1, 3, 2, 5, 6, 8, 7, 9], dtype=torch.int32)
----------------------------------
[4 3 1 2 5 6 7 8 9]
----------------------------------
[[20.     32.     80.    ]
 [ 0.     32.     80.    ]
 [10.     30.     56.    ]
 [10.     16.     56.    ]
 [10.      0.     56.    ]
 [10.     32.     40.    ]
 [ 9.9999 56.     24.    ]
 [10.     34.     24.    ]
 [10.     32.      0.    ]]