tensor([[16., 40., 58.],
        [16., 30., 40.],
        [16., 20., 50.],
        [16., 20., 66.],
        [16.,  0., 34.],
        [16., 66., 54.],
        [14., 10., 18.],
        [ 0.,  0., 18.],
        [ 0., 20., 18.],
        [16., 48., 66.],
        [16., 20.,  0.],
        [16.,  0.,  0.]], dtype=torch.float64)
----------------------------------
tensor([ 4,  3,  2,  1, 10,  7,  5,  7, 11, 12,  9,  8], dtype=torch.int32)
----------------------------------
[10  4  1  6  3  2  5  9  7  8 11 12]
----------------------------------
[[16.0001 48.     65.8   ]
 [16.     20.     65.8   ]
 [16.     40.     57.8   ]
 [16.     65.8521 54.1917]
 [16.     20.     49.8   ]
 [16.     30.     39.8   ]
 [16.      0.     33.8   ]
 [ 0.     20.     17.8   ]
 [14.     10.     17.8   ]
 [ 0.      0.     17.8   ]
 [16.     20.      0.    ]
 [16.      0.      0.    ]]