tensor([[ 90., 170.,  56.],
        [ 90., 170.,  48.],
        [ 70., 200.,  42.],
        [110., 200.,  42.],
        [ 90., 110.,  24.],
        [ 90.,  50.,  64.],
        [ 90.,  90.,  64.],
        [ 90.,  10.,  64.],
        [ 90., 130.,  64.],
        [ 90., 170.,  64.],
        [120.,  70.,  48.],
        [ 60.,  70.,  48.],
        [ 80.,   0.,  48.],
        [100.,   0.,  48.],
        [150., 120.,  64.],
        [180., 120.,  54.],
        [ 30., 120.,  64.],
        [  0., 120.,  54.],
        [120., 120.,  48.],
        [ 60., 120.,  48.],
        [ 90.,  90.,   0.],
        [ 90.,  60.,   0.],
        [ 90.,  50.,  24.],
        [120.,  80.,  24.],
        [ 60.,  80.,  24.],
        [ 70.,  90.,   8.],
        [110.,  90.,   8.],
        [ 90.,  40.,   8.],
        [ 90., 110.,  56.],
        [ 90., 140.,  32.],
        [ 90.,  30.,  56.],
        [ 90.,  20.,  40.]], dtype=torch.float64)
----------------------------------
tensor([10,  1,  9, 29,  7, 12,  6, 11,  8, 31, 19, 20,  5, 15, 17, 16, 18,  2,
        14, 13,  4,  3, 32, 30, 24, 25, 23, 26, 27, 28, 21, 22],
       dtype=torch.int32)
----------------------------------
[10  9 15 17  7  6  8  1 29 31 16 18  2 19 20 11 12 14 13  4  3 32 30  5
 24 25 23 26 27 28 21 22]
----------------------------------
[[ 90.0001  170.       64.     ]
 [ 90.0001  130.       64.     ]
 [150.0001  120.       64.     ]
 [ 30.0002  119.9999   64.     ]
 [ 90.00009  90.       64.     ]
 [ 90.00008  50.       64.     ]
 [ 90.00005  10.       64.     ]
 [ 90.0001  170.       56.     ]
 [ 90.0001  110.       56.     ]
 [ 90.00005  30.       56.     ]
 [180.0006  119.9999   54.2    ]
 [  0.      119.9999   54.2    ]
 [ 90.0001  170.       48.     ]
 [120.0002  119.9999   48.     ]
 [ 60.0001  119.9999   48.     ]
 [120.       69.9999   48.     ]
 [ 60.0001   69.9999   48.     ]
 [100.        0.       48.     ]
 [ 80.0001    0.       48.     ]
 [110.0001  200.       42.     ]
 [ 70.0001  200.       42.     ]
 [ 90.00005  20.       40.     ]
 [ 90.0001  140.       32.     ]
 [ 90.00415 110.00029  24.     ]
 [119.9993   79.9998   24.     ]
 [ 59.9852   79.9937   24.     ]
 [ 89.99986  50.       24.     ]
 [ 70.       89.9998    8.     ]
 [109.9997   89.9997    8.     ]
 [ 89.9998   40.        8.     ]
 [ 89.9998   90.        0.     ]
 [ 89.9998   60.        0.     ]]