tensor([[ 40.,  30.,  46.],
        [ 80.,  30.,  46.],
        [ 20.,  40.,  52.],
        [100.,  40.,  52.],
        [ 60.,  56.,  14.],
        [ 40.,  40.,  20.],
        [ 80.,  40.,  20.],
        [ 50.,  72.,  24.],
        [  0.,   0.,  60.],
        [ 40.,  10.,  14.],
        [ 40.,  20.,  22.],
        [120.,   0.,  60.],
        [ 80.,  10.,  14.],
        [ 80.,  20.,  22.],
        [ 60.,  10.,  14.],
        [ 60.,  30.,   0.],
        [ 40.,   0.,   8.],
        [ 80.,   0.,   8.],
        [ 40.,  20.,   4.],
        [ 80.,  20.,   4.],
        [ 30.,   0.,  28.],
        [ 90.,   0.,  28.],
        [100.,   0.,  54.],
        [ 20.,   0.,  54.],
        [110.,   0.,  70.],
        [ 10.,   0.,  70.],
        [ 90.,  40.,  62.],
        [ 30.,  40.,  62.],
        [ 60.,  86.,  14.],
        [ 40.,  86.,  14.],
        [ 60.,  20.,  30.],
        [ 60.,  40.,  30.],
        [ 60.,  42.,  14.]], dtype=torch.float64)
----------------------------------
tensor([27,  4,  2, 28,  3,  1, 31, 14, 11, 25, 12, 23, 22, 26,  9, 24, 21, 32,
         8,  7,  6, 29, 30,  5, 33, 13, 15, 10, 18, 17, 20, 19, 16],
       dtype=torch.int32)
----------------------------------
[25 26 27 28 12  9 23 24  4  3  2  1 32 31 22 21  8 14 11  7  6 29 30  5
 33 13 15 10 18 17 20 19 16]
----------------------------------
[[110.       0.      70.    ]
 [ 10.       0.      70.    ]
 [ 90.      40.      62.    ]
 [ 29.9998  39.9999  62.    ]
 [120.       0.      60.2   ]
 [  0.       0.      60.2   ]
 [100.       0.      54.    ]
 [ 20.       0.      54.    ]
 [100.      40.      52.2   ]
 [ 19.9998  39.9999  52.2   ]
 [ 80.      30.      46.    ]
 [ 40.      30.      46.    ]
 [ 60.      40.      30.    ]
 [ 60.      20.      30.    ]
 [ 90.       0.      28.    ]
 [ 30.       0.      28.    ]
 [ 50.      72.      24.    ]
 [ 80.      20.      22.    ]
 [ 40.      20.      22.    ]
 [ 80.      40.      20.2   ]
 [ 40.      40.      20.2   ]
 [ 60.      86.      14.    ]
 [ 40.      86.      14.    ]
 [ 60.      56.      14.    ]
 [ 60.      42.      14.    ]
 [ 80.      10.      14.    ]
 [ 60.      10.      14.    ]
 [ 40.      10.      14.    ]
 [ 80.       0.       8.    ]
 [ 40.       0.       8.    ]
 [ 80.      20.       4.2   ]
 [ 40.      20.       4.2   ]
 [ 60.      30.       0.    ]]