tensor([[10., 30., 54.],
        [10., 30., 30.],
        [20., 50., 12.],
        [10., 60., 30.],
        [10., 40., 14.],
        [ 0., 50., 12.],
        [10., 40.,  0.],
        [ 0., 68., 38.],
        [20., 68., 38.],
        [ 0.,  0., 38.],
        [20.,  0., 38.]], dtype=torch.float64)
----------------------------------
tensor([ 1,  8,  9, 11, 10,  4,  2,  5,  6,  3,  7], dtype=torch.int32)
----------------------------------
[ 1  9  8 11 10  4  2  5  3  6  7]
----------------------------------
[[10.     30.     54.    ]
 [20.0001 68.     38.    ]
 [ 0.     68.     38.    ]
 [20.      0.     38.    ]
 [ 0.      0.     38.    ]
 [10.     60.     30.    ]
 [10.     30.     30.    ]
 [10.     40.     14.    ]
 [20.     50.     12.    ]
 [ 0.     50.     12.    ]
 [10.     40.      0.    ]]