tensor([[ 70.,  26.,  62.],
        [ 50.,  26.,  78.],
        [120.,  26.,  62.],
        [ 70.,  14.,  46.],
        [ 70.,  38.,  46.],
        [ 30.,  26.,  46.],
        [ 30.,  26.,  30.],
        [  0.,  16.,  20.],
        [  0.,  36.,  20.],
        [ 20.,  14.,  14.],
        [ 20.,  38.,  14.],
        [ 50.,  26.,  14.],
        [ 30.,  26.,   0.],
        [ 50.,  36., 118.],
        [ 70.,  16., 118.],
        [ 80.,  16., 102.],
        [ 60.,  36., 102.],
        [ 90.,  26.,  78.],
        [ 20.,  50.,  14.],
        [ 20.,   2.,  14.],
        [110.,  26.,  46.],
        [ 80.,  52.,  56.],
        [ 80.,   0.,  56.]], dtype=torch.float64)
----------------------------------
tensor([14, 17, 15, 16,  2,  1, 18, 23, 22,  5, 21,  3,  6,  4,  7,  9,  8, 19,
        11, 12, 10, 20, 13], dtype=torch.int32)
----------------------------------
[14 15 17 16 18  2  3  1 23 22  5 21  6  4  7  9  8 19 11 12 10 20 13]
----------------------------------
[[ 50.      36.     118.    ]
 [ 70.      16.     118.    ]
 [ 60.      36.     102.    ]
 [ 80.      16.     102.    ]
 [ 90.      26.      78.    ]
 [ 50.      26.      78.    ]
 [120.      26.      62.    ]
 [ 70.      26.      62.    ]
 [ 80.       0.      56.    ]
 [ 80.      52.      55.9999]
 [ 70.      38.      46.    ]
 [110.      26.      46.    ]
 [ 30.      26.      46.    ]
 [ 70.      14.      46.    ]
 [ 30.      26.      30.    ]
 [  0.      36.0001  20.2   ]
 [  0.      16.0001  20.2   ]
 [ 19.9999  50.0001  14.    ]
 [ 19.9999  38.0001  14.    ]
 [ 50.      26.      14.    ]
 [ 19.9999  14.      14.    ]
 [ 19.9999   2.      14.    ]
 [ 30.      26.       0.    ]]