tensor([[ 80.,  50.,  50.],
        [ 60.,  50.,  50.],
        [  0.,  50.,  50.],
        [ 20.,  50.,  50.],
        [ 50.,  72.,  10.],
        [ 50.,  47.,  10.],
        [ 30.,  72.,  10.],
        [ 30.,  47.,  10.],
        [ 40.,  90.,   8.],
        [ 30., 100.,  18.],
        [ 50., 100.,  18.],
        [ 30., 120.,  26.],
        [ 50., 120.,  26.],
        [ 40., 130.,  16.],
        [ 50.,  20.,  18.],
        [ 30.,  20.,  18.],
        [ 40.,  10.,  10.],
        [ 50.,  20.,   2.],
        [ 30.,  20.,   2.],
        [ 40.,   0.,   0.],
        [ 30.,  30.,   0.],
        [ 50.,  30.,   0.],
        [ 50.,   0.,  18.],
        [ 30.,   0.,  18.],
        [ 50.,  30.,  22.],
        [ 30.,  30.,  22.],
        [ 10., 110.,  50.],
        [ 70., 110.,  50.],
        [ 70., 120.,  42.],
        [ 10., 120.,  42.],
        [ 70.,  70.,  34.],
        [ 10.,  70.,  34.],
        [ 10.,  60.,  42.],
        [ 70.,  60.,  42.],
        [ 20., 120.,  34.],
        [ 60., 120.,  34.],
        [ 10., 120.,  28.],
        [ 70., 120.,  28.],
        [ 20.,  80.,  26.],
        [ 60.,  80.,  26.],
        [ 10.,  80.,  20.],
        [ 70.,  80.,  20.],
        [ 40.,  80.,  34.],
        [ 40., 120.,  42.]], dtype=torch.float64)
----------------------------------
tensor([30, 27, 35, 44, 12, 10, 39, 32, 43, 33,  4,  3, 36, 29, 28, 40, 31, 34,
         2,  1,  8,  7, 13, 11,  6,  5, 38, 37, 42, 41, 14,  9, 26, 16, 17, 24,
        23, 15, 25, 19, 18, 20, 22, 21], dtype=torch.int32)
----------------------------------
27 30 23 44 28 29 36 5 6 1 2 34 40 43 4 3 33 39 35 31 32 38 37 13 12 25 26 42 41 11 10 15 16 24 14  7  8 17  9 18 19 20 22 21





[ 35 31 32 38 37 13 12 25 26
 42 41 11 10 15 16 24 14  7  8 17  9 18 19 20 22 21]
----------------------------------
[[ 10.0001 110.0005  50.    ]
 [ 70.0005 110.0004  50.    ]
 [ 79.9996  50.0007  50.    ]
 [ 59.9996  50.0007  50.    ]
 [ 20.      50.0004  50.    ]
 [  0.      50.0004  50.    ]
 [ 70.0002 120.0005  42.    ]
 [ 40.0002 120.0005  42.    ]
 [ 10.0001 120.0005  42.    ]
 [ 69.9996  60.0007  42.    ]
 [ 10.      60.0004  42.    ]
 [ 60.0002 120.0005  34.    ]
 [ 20.0002 120.0005  34.    ]
 [ 40.0002  80.0005  34.    ]
 [ 69.9996  70.0007  34.    ]
 [ 10.      70.0004  34.    ]
 [ 70.0002 120.0005  28.    ]
 [ 10.0002 120.0005  28.    ]
 [ 50.0003 120.0005  26.    ]
 [ 30.0003 120.0005  26.    ]
 [ 60.0002  80.0005  26.    ]
 [ 20.0002  80.0005  26.    ]
 [ 50.0005  30.0005  21.972 ]
 [ 30.      30.0005  21.972 ]
 [ 70.0002  80.0005  20.    ]
 [ 10.0002  80.0005  20.    ]
 [ 50.0003 100.0005  18.    ]
 [ 30.0002 100.0005  18.    ]
 [ 50.0004  20.0001  18.    ]
 [ 30.      20.0001  18.    ]
 [ 50.0005   0.      18.    ]
 [ 30.0002   0.      18.    ]
 [ 40.0003 130.0008  16.    ]
 [ 50.0002  72.0006  10.    ]
 [ 30.0002  72.0005  10.    ]
 [ 49.9998  47.0005  10.    ]
 [ 30.0001  47.0003  10.    ]
 [ 40.0003  10.0001  10.    ]
 [ 40.0002  90.0009   8.    ]
 [ 50.0004  20.0001   2.    ]
 [ 30.0002  20.0001   2.    ]
 [ 40.0003   0.       0.2   ]
 [ 50.0005  30.0006   0.    ]
 [ 30.0002  30.0006   0.    ]]