tensor([[  0.,  70., 130.],
        [ 60.,  80., 106.],
        [ 60.,  70., 130.],
        [ 60., 150., 106.],
        [  0., 150., 106.],
        [  0., 150., 130.],
        [ 60., 150., 130.],
        [  0.,   0.,  20.],
        [  0.,  60.,  18.],
        [ 60.,  60.,  18.],
        [ 30.,  30.,  18.],
        [ 30.,  40.,   0.],
        [ 30.,  20.,  66.],
        [ 10.,  70.,  74.],
        [  0.,  80., 106.],
        [ 60.,   0.,  20.],
        [ 60.,   0.,  26.],
        [  0.,   0.,  26.],
        [ 30., 167.,  74.],
        [ 30., 160.,  82.],
        [  0.,  20.,  28.],
        [ 60.,  20.,  28.],
        [ 60.,  30.,  50.],
        [ 60.,  70.,  50.],
        [  0.,  30.,  50.],
        [  0.,  70.,  50.],
        [ 60.,  50.,  66.],
        [  0.,  50.,  66.],
        [ 50.,  70.,  74.],
        [ 50.,  30.,  74.],
        [ 10.,  30.,  74.],
        [  0., 110.,  82.],
        [ 60., 110.,  82.],
        [ 30., 150.,  90.],
        [ 30., 110.,  74.],
        [ 30., 140.,  74.],
        [ 60.,  80.,  90.],
        [  0.,  80.,  90.],
        [ 30.,  50.,  34.],
        [ 30.,  80.,  34.],
        [ 30.,  10.,  34.],
        [ 60.,  60.,   0.],
        [  0.,  60.,   0.]], dtype=torch.float64)
----------------------------------
tensor([ 6,  5, 34,  4,  7, 32, 38, 15,  1, 33, 37,  2,  3, 14, 28, 31, 29, 27,
        30, 20, 35, 36, 19, 13, 25, 23, 26, 24, 40, 41, 39, 22, 21, 18, 17, 16,
         8, 11, 10,  9, 42, 43, 12], dtype=torch.int32)
----------------------------------

7 4  6 5 34 3 2 37  33 1 15 38 32 20 14 30 31 19 36 35 29 27 28 13 24 26 23 25 40 39 41 22 21 17 18 16  8 10  9 11 42 43 12


[  20 14 30 31 19 36 35 29 27 28 13
 24 26 23 25 40 39 41 22 21 17 18 16  8 10  9 11 42 43 12]
----------------------------------
[[6.001330e+01 1.500063e+02 1.296100e+02]
 [1.330000e-02 1.500063e+02 1.296100e+02]
 [6.001330e+01 7.000650e+01 1.296100e+02]
 [5.000000e-03 7.000500e+01 1.296100e+02]
 [6.001330e+01 1.500063e+02 1.056100e+02]
 [1.330000e-02 1.500063e+02 1.056100e+02]
 [6.001330e+01 8.000650e+01 1.056100e+02]
 [5.000000e-03 8.000500e+01 1.056100e+02]
 [0.000000e+00 8.000000e+01 8.980000e+01]
 [3.001330e+01 1.500063e+02 8.961000e+01]
 [6.001330e+01 8.000650e+01 8.961000e+01]
 [0.000000e+00 1.100000e+02 8.180000e+01]
 [3.001330e+01 1.600065e+02 8.161000e+01]
 [6.001330e+01 1.100064e+02 8.161000e+01]
 [1.000000e+01 7.000000e+01 7.380000e+01]
 [5.000000e+01 3.000000e+01 7.380000e+01]
 [1.000000e+01 3.000000e+01 7.380000e+01]
 [3.001320e+01 1.670065e+02 7.361000e+01]
 [3.001330e+01 1.400064e+02 7.361000e+01]
 [3.001330e+01 1.100064e+02 7.361000e+01]
 [5.001330e+01 7.000640e+01 7.361000e+01]
 [6.000000e+01 5.000000e+01 6.580000e+01]
 [0.000000e+00 5.000000e+01 6.580000e+01]
 [3.000000e+01 2.000000e+01 6.580000e+01]
 [6.000000e+01 7.000000e+01 4.980000e+01]
 [0.000000e+00 7.000000e+01 4.980000e+01]
 [6.000000e+01 3.000000e+01 4.980000e+01]
 [0.000000e+00 3.000000e+01 4.980000e+01]
 [3.000000e+01 8.000000e+01 3.380000e+01]
 [3.000000e+01 5.000000e+01 3.380000e+01]
 [3.000000e+01 1.000010e+01 3.380000e+01]
 [6.000000e+01 2.000000e+01 2.780000e+01]
 [0.000000e+00 2.000000e+01 2.780000e+01]
 [6.000000e+01 0.000000e+00 2.580000e+01]
 [0.000000e+00 0.000000e+00 2.580000e+01]
 [6.000000e+01 0.000000e+00 1.980000e+01]
 [0.000000e+00 0.000000e+00 1.980000e+01]
 [6.000000e+01 6.000000e+01 1.780000e+01]
 [0.000000e+00 6.000000e+01 1.780000e+01]
 [3.000000e+01 3.000000e+01 1.780000e+01]
 [6.000000e+01 6.000000e+01 0.000000e+00]
 [0.000000e+00 6.000000e+01 0.000000e+00]
 [3.000000e+01 4.000000e+01 0.000000e+00]]