tensor([[ 24.,  20.,   0.],
        [ 36.,  50.,   2.],
        [ 12., 110.,   2.],
        [ 36., 110.,   2.],
        [ 14., 110.,  24.],
        [ 14.,  72.,   2.],
        [ 34.,  30.,  10.],
        [ 14.,  30.,  10.],
        [ 24.,  30.,   2.],
        [ 14.,  94.,  12.],
        [ 14.,  60.,  18.],
        [ 14.,  86.,  12.],
        [ 24.,  30.,  18.],
        [ 34.,  80.,  18.],
        [ 34.,  60.,  26.],
        [ 34., 110.,  26.],
        [ 22.,  10.,  18.],
        [ 12.,  50.,   2.],
        [ 14.,  50.,  26.],
        [ 48.,  50.,   2.],
        [  0.,  50.,   2.],
        [  8.,   0.,  18.],
        [ 34.,  80.,   2.],
        [ 48., 110.,   2.],
        [  0., 110.,   2.]], dtype=torch.float64)
----------------------------------
tensor([15, 16, 14, 19,  5, 11, 13, 17, 22, 10, 12,  7,  8, 24,  4,  3, 25, 23,
         6, 20,  2, 18, 21,  9,  1], dtype=torch.int32)
----------------------------------
[16 15 19  5 14 11 13 17 22 10 12  7  8 24  4  3 25 23  6 20  2 18 21  9
  1]
----------------------------------
[[3.400010e+01 1.100001e+02 2.600000e+01]
 [3.400010e+01 6.000000e+01 2.600000e+01]
 [1.400010e+01 5.000000e+01 2.600000e+01]
 [1.400000e+01 1.100000e+02 2.400000e+01]
 [3.400010e+01 8.000000e+01 1.800000e+01]
 [1.400010e+01 6.000000e+01 1.800000e+01]
 [2.400010e+01 3.000000e+01 1.800000e+01]
 [2.200010e+01 1.000000e+01 1.800000e+01]
 [8.000100e+00 0.000000e+00 1.800000e+01]
 [1.400000e+01 9.400000e+01 1.200000e+01]
 [1.400000e+01 8.600000e+01 1.200000e+01]
 [3.400010e+01 3.000000e+01 1.000000e+01]
 [1.400010e+01 3.000000e+01 1.000000e+01]
 [4.800010e+01 1.100000e+02 2.000000e+00]
 [3.600010e+01 1.100000e+02 2.000000e+00]
 [1.200000e+01 1.100000e+02 2.000000e+00]
 [0.000000e+00 1.100000e+02 2.000000e+00]
 [3.400010e+01 8.000000e+01 2.000000e+00]
 [1.400010e+01 7.200000e+01 2.000000e+00]
 [4.800010e+01 5.000000e+01 2.000000e+00]
 [3.600010e+01 5.000000e+01 2.000000e+00]
 [1.200010e+01 5.000000e+01 2.000000e+00]
 [1.000000e-04 5.000000e+01 2.000000e+00]
 [2.400010e+01 3.000000e+01 2.000000e+00]
 [2.400010e+01 1.999970e+01 0.000000e+00]]