tensor([[20., 44., 10.],
        [20., 66., 10.],
        [20., 10.,  4.],
        [ 1., 30.,  6.],
        [39., 30.,  6.],
        [40.,  0., 14.],
        [ 0.,  0., 14.],
        [30., 40.,  0.],
        [10., 40.,  0.]], dtype=torch.float64)
----------------------------------
tensor([6, 7, 2, 1, 5, 4, 3, 8, 9], dtype=torch.int32)
----------------------------------
[6 7 2 1 5 4 3 8 9]
----------------------------------
[[40.      0.     14.    ]
 [ 0.      0.     14.    ]
 [20.     66.     10.    ]
 [20.     44.     10.    ]
 [39.25   30.      6.    ]
 [ 0.75   30.      6.    ]
 [20.      9.9997  4.    ]
 [30.     40.      0.    ]
 [10.     40.      0.    ]]