tensor([[10., 24., 24.],
        [ 0., 24., 40.],
        [ 0., 24.,  8.],
        [10., 24.,  0.],
        [10., 24., 56.],
        [10., 24., 72.],
        [26., 24., 24.],
        [26., 24., 56.],
        [ 0.,  0., 34.],
        [10.,  8., 24.],
        [ 0.,  0., 14.],
        [ 0., 49., 13.],
        [10., 41., 23.],
        [ 0., 49., 33.],
        [10., 10., 56.],
        [10., 38., 56.]], dtype=torch.float64)
----------------------------------
tensor([ 6,  5,  8, 15, 16,  2,  1, 10,  9, 11,  2, 13, 14, 12,  7,  4],
       dtype=torch.int32)
----------------------------------
[ 6 16  8  5 15  2  9 14  7  1 10 13 11 12  3  4]
----------------------------------
[[10.     24.     72.    ]
 [10.     38.     56.    ]
 [26.     24.     56.    ]
 [10.     24.     56.    ]
 [10.     10.     56.    ]
 [ 0.     24.     40.    ]
 [ 0.      0.     34.    ]
 [ 0.     48.8411 33.2647]
 [26.     24.     24.    ]
 [10.     24.     24.    ]
 [10.      8.     24.    ]
 [10.     40.8411 23.2647]
 [ 0.      0.     14.    ]
 [ 0.     48.8411 13.2647]
 [ 0.     24.      8.    ]
 [10.     24.      0.    ]]