tensor([[ 0.,  0., 40.],
        [ 0., 20.,  0.],
        [ 0.,  0., 48.],
        [ 0., 10., 16.],
        [ 0.,  0., 32.],
        [ 0., 20., 32.]], dtype=torch.float64)
----------------------------------
tensor([3, 1, 5, 6, 4, 2], dtype=torch.int32)
----------------------------------
[3 1 6 5 4 2]
----------------------------------
[[1.0e-04 0.0e+00 4.8e+01]
 [1.0e-04 0.0e+00 4.0e+01]
 [1.0e-04 2.0e+01 3.2e+01]
 [1.0e-04 0.0e+00 3.2e+01]
 [0.0e+00 1.0e+01 1.6e+01]
 [1.0e-04 2.0e+01 0.0e+00]]