tensor([[ 50.,  14.,  46.],
        [110.,  26.,  14.],
        [110.,  26.,  22.],
        [110.,  26.,  30.],
        [ 90.,  26.,   0.],
        [ 70.,  26.,   0.],
        [ 80.,  26.,  38.],
        [ 80.,  26.,  46.],
        [ 80.,  26.,  54.],
        [ 30.,  26.,  46.],
        [ 30.,  26.,  36.],
        [  0.,  26.,  54.],
        [ 30.,  26.,  70.],
        [ 50.,  38.,  46.],
        [ 50.,  26.,  20.],
        [ 80.,  36.,  70.],
        [ 80.,  16.,  70.],
        [ 40.,  26.,  62.],
        [ 70.,  26.,  62.],
        [ 90.,   2.,  22.],
        [ 90.,  50.,  22.],
        [ 90.,  14.,  22.],
        [ 90.,  38.,  22.],
        [ 90.,  16.,   6.],
        [ 90.,  36.,   6.],
        [ 60.,  26.,  30.],
        [ 70.,  26.,  22.],
        [ 70.,  26.,  14.],
        [ 40.,  52.,  55.],
        [ 40.,   0.,  55.]], dtype=torch.float64)
----------------------------------
tensor([16, 19, 17,  9,  8,  7, 26, 13, 18, 14,  1, 25, 24, 29, 30, 12, 10, 11,
         4, 21, 23,  3, 27, 22, 20, 15,  2, 28,  5,  6], dtype=torch.int32)
----------------------------------
[16 13 17 19 18 29 30  9 12 14  8 10  1  7 11  4 26 21 23  3 27 22 20 15
  2 28 25 24  5  6]
----------------------------------
[[ 80.       36.       70.     ]
 [ 30.       26.       70.     ]
 [ 80.       16.       70.     ]
 [ 70.       26.       62.     ]
 [ 40.       26.       62.     ]
 [ 40.       52.       55.25   ]
 [ 40.        0.       55.25   ]
 [ 80.       26.       54.     ]
 [  0.       26.       54.     ]
 [ 50.       38.       46.     ]
 [ 80.       26.       46.     ]
 [ 30.       26.       46.     ]
 [ 50.       14.       46.     ]
 [ 80.       26.       38.     ]
 [ 30.       25.99997  36.2    ]
 [110.       26.       30.     ]
 [ 60.       26.       30.     ]
 [ 90.       50.       22.     ]
 [ 90.       38.       22.     ]
 [110.       26.       22.     ]
 [ 70.       25.99998  22.     ]
 [ 90.       14.       22.     ]
 [ 90.        2.       22.     ]
 [ 50.       26.       20.2    ]
 [110.       26.       14.     ]
 [ 70.       25.9944   14.     ]
 [ 90.       35.9944    6.     ]
 [ 90.       15.9944    6.     ]
 [ 90.       25.9944    0.     ]
 [ 70.       25.9944    0.     ]]