tensor([[ 90.,  10.,  72.],
        [ 90.,  50.,  72.],
        [140.,  30.,  72.],
        [ 50.,  30.,  48.],
        [ 10.,  10.,  72.],
        [ 10.,  50.,  72.],
        [ 10.,  30.,  48.],
        [  0.,  60.,  24.],
        [  0.,   0.,  24.],
        [ 90.,  30.,  48.],
        [ 90.,  30.,  24.],
        [ 90.,  30.,   0.],
        [130.,  30.,  48.],
        [130.,  30.,  24.],
        [130.,  30.,   0.]], dtype=torch.float64)
----------------------------------
tensor([ 2,  4,  6,  1,  5, 13,  3, 10,  7,  8, 14, 11,  9, 15, 12],
       dtype=torch.int32)
----------------------------------
[ 2  6  3  1  5 13 10  4  7  8 14 11  9 15 12]
----------------------------------
[[ 90.0001   50.001    72.     ]
 [ 10.       50.0003   72.     ]
 [140.       30.0009   72.     ]
 [ 89.9999   10.0008   72.     ]
 [  9.9999   10.0001   72.     ]
 [130.       30.0009   48.     ]
 [ 90.       30.0009   48.     ]
 [ 50.       30.00046  48.     ]
 [ 10.       30.00001  48.     ]
 [  0.       60.       24.     ]
 [130.       30.0009   24.     ]
 [ 90.       30.0009   24.     ]
 [  0.        0.       24.     ]
 [130.       30.0009    0.     ]
 [ 90.       30.0009    0.     ]]