tensor([[10., 40., 38.],
        [10., 10., 38.],
        [10.,  0., 14.],
        [20.,  0.,  0.],
        [ 0.,  0.,  0.],
        [10., 30., 54.],
        [20., 70., 38.],
        [ 0., 70., 38.],
        [10., 60., 54.],
        [20., 50., 14.],
        [ 0., 50., 14.],
        [20., 20., 20.],
        [ 0., 20., 20.]], dtype=torch.float64)
----------------------------------
tensor([ 9,  6,  7,  8,  1,  2, 12, 13, 10, 11,  3,  5,  4], dtype=torch.int32)
----------------------------------
[ 9  6  7  8  1  2 12 13 10 11  3  4  5]
----------------------------------
[[10.     59.9999 54.    ]
 [10.     30.     54.    ]
 [20.     70.     38.    ]
 [ 0.     70.     38.    ]
 [10.     40.     38.    ]
 [10.     10.     38.    ]
 [20.     20.     20.2   ]
 [ 0.     20.     20.2   ]
 [20.     50.     14.    ]
 [ 0.     50.     14.    ]
 [10.      0.     14.    ]
 [20.      0.      0.    ]
 [ 0.      0.      0.    ]]