tensor([[  0.,  22.,  48.],
        [ 20.,  22.,  48.],
        [  0.,  82.,  48.],
        [ 20.,  82.,  48.],
        [ 10.,  20.,   0.],
        [ 10.,  84.,   0.],
        [ 20.,   0.,   0.],
        [  0.,   0.,   0.],
        [ 10.,  52.,   0.],
        [ 10.,  32.,  24.],
        [ 10.,  72.,  24.],
        [ 10., 106.,  10.],
        [ 10.,   6.,  10.]], dtype=torch.float64)
----------------------------------
tensor([ 4,  3, 11,  2,  1, 10,  6,  9,  5, 12, 13,  7,  8], dtype=torch.int32)
----------------------------------
[ 4  3  2  1 11 10 12 13  6  9  5  7  8]
----------------------------------
[[ 20.  82.  48.]
 [  0.  82.  48.]
 [ 20.  22.  48.]
 [  0.  22.  48.]
 [ 10.  72.  24.]
 [ 10.  32.  24.]
 [ 10. 106.  10.]
 [ 10.   6.  10.]
 [ 10.  84.   0.]
 [ 10.  52.   0.]
 [ 10.  20.   0.]
 [ 20.   0.   0.]
 [  0.   0.   0.]]