tensor([[ 40.,  10., 114.],
        [ 40.,  50., 114.],
        [ 70.,  20., 114.],
        [ 70.,  50., 108.],
        [ 70.,  10., 106.],
        [ 70.,  10., 100.],
        [ 40.,  10., 106.],
        [ 40.,  50., 106.],
        [ 20.,  10., 104.],
        [ 20.,  50., 104.],
        [  0.,  10., 130.],
        [ 60.,  70., 130.],
        [ 40.,  10.,  96.],
        [ 40.,  50.,  96.],
        [ 60.,  30.,  42.],
        [ 60.,  10.,  18.],
        [ 60.,  50.,  18.],
        [ 60.,  60.,   0.],
        [ 60.,   0.,   0.],
        [ 60.,  20., 130.],
        [ 30.,  20., 130.],
        [ 60.,  50., 130.],
        [  0.,  50., 130.],
        [ 50.,  30., 106.],
        [ 40.,  30.,  96.],
        [ 30.,  30., 114.],
        [ 50.,  30.,  74.],
        [ 50.,  30.,  58.],
        [ 40.,  30.,  48.],
        [ 30.,  50., 130.]], dtype=torch.float64)
----------------------------------
tensor([12, 22, 20,  3,  4, 30,  2, 21,  1, 26,  8, 10, 23,  7,  9, 11, 24,  5,
         6, 14, 25, 13, 27, 28, 29, 15, 17, 16, 18, 19], dtype=torch.int32)
----------------------------------
[12 22 30 23 20 21 11  2 26  3  1  4  8 24  5  7 10  9  6 14 25 13 27 28
 29 15 17 16 18 19]
----------------------------------
[[6.00001e+01 7.00000e+01 1.29800e+02]
 [6.00001e+01 5.00000e+01 1.29800e+02]
 [3.00001e+01 5.00000e+01 1.29800e+02]
 [0.00000e+00 5.00000e+01 1.29800e+02]
 [6.00001e+01 2.00000e+01 1.29800e+02]
 [3.00001e+01 2.00000e+01 1.29800e+02]
 [1.00000e-04 1.00000e+01 1.29800e+02]
 [4.00001e+01 5.00000e+01 1.13800e+02]
 [3.00001e+01 3.00000e+01 1.13800e+02]
 [7.00001e+01 2.00000e+01 1.13800e+02]
 [4.00001e+01 1.00000e+01 1.13800e+02]
 [7.00001e+01 5.00000e+01 1.07800e+02]
 [4.00001e+01 5.00000e+01 1.05800e+02]
 [5.00001e+01 3.00000e+01 1.05800e+02]
 [7.00001e+01 1.00000e+01 1.05800e+02]
 [4.00001e+01 1.00000e+01 1.05800e+02]
 [2.00001e+01 5.00000e+01 1.03800e+02]
 [2.00001e+01 1.00000e+01 1.03800e+02]
 [7.00001e+01 1.00000e+01 9.98000e+01]
 [4.00004e+01 5.00000e+01 9.58000e+01]
 [4.00001e+01 3.00000e+01 9.58000e+01]
 [4.00004e+01 1.00000e+01 9.58000e+01]
 [5.00001e+01 3.00000e+01 7.38000e+01]
 [5.00001e+01 3.00000e+01 5.78000e+01]
 [4.00001e+01 3.00000e+01 4.80000e+01]
 [6.00001e+01 3.00000e+01 4.18000e+01]
 [6.00001e+01 5.00000e+01 1.78000e+01]
 [6.00001e+01 1.00000e+01 1.78000e+01]
 [6.00001e+01 6.00000e+01 0.00000e+00]
 [6.00001e+01 0.00000e+00 0.00000e+00]]