tensor([[14., 27., 40.],
        [14., 71., 10.],
        [ 0., 47., 10.],
        [28., 47., 10.],
        [14., 87., 20.],
        [14.,  7., 32.],
        [14.,  0., 24.],
        [14., 37., 24.],
        [14., 37., 48.],
        [14., 17., 48.],
        [14., 47.,  0.]], dtype=torch.float64)
----------------------------------
tensor([ 9,  1, 10,  6,  8,  7, 11,  5,  2,  4,  3], dtype=torch.int32)
----------------------------------
[ 9 10  1  6  8  7  5  2  4  3 11]
----------------------------------
[[14. 37. 48.]
 [14. 17. 48.]
 [14. 27. 40.]
 [14.  7. 32.]
 [14. 37. 24.]
 [14.  0. 24.]
 [14. 87. 20.]
 [14. 71. 10.]
 [28. 47. 10.]
 [ 0. 47. 10.]
 [14. 47.  0.]]