tensor([[ 60.,  82.,  55.],
        [ 46.,  40.,  15.],
        [ 74.,  40.,  15.],
        [ 60.,   0.,  19.],
        [ 60.,  59.,   0.],
        [ 60.,  60.,   8.],
        [ 42.,  81.,  31.],
        [ 78.,  81.,  31.],
        [ 60., 100.,  22.],
        [ 60.,  80.,  15.],
        [ 60., 120.,  21.],
        [ 60., 120.,  13.],
        [ 60., 121.,  37.],
        [ 70.,  19.,   4.],
        [ 50.,  19.,   4.],
        [  0.,  72.,  39.],
        [  0.,  81.,  29.],
        [120.,  72.,  39.],
        [120.,  81.,  29.],
        [ 60., 128.,  29.],
        [ 60., 148.,  19.],
        [ 60., 160.,  18.],
        [ 41., 172.,  16.],
        [ 79., 172.,  16.],
        [ 30.,  40.,  17.],
        [ 90.,  40.,  17.],
        [ 60.,  31.,  33.],
        [ 50.,  89.,   1.],
        [ 70.,  89.,   1.],
        [ 60.,  91.,  39.],
        [ 60.,  61.,  32.],
        [ 70.,  40.,  17.],
        [ 50.,  40.,  17.],
        [ 50.,  81.,  47.],
        [ 70.,  81.,  47.],
        [ 50.,  52.,  52.],
        [ 70.,  52.,  52.],
        [ 50., 111.,  50.],
        [ 70., 111.,  50.],
        [103.,  81.,  31.],
        [ 17.,  81.,  31.]], dtype=torch.float64)
----------------------------------
tensor([37, 39, 35,  1, 38, 34, 36, 30, 40,  8, 18, 41,  7, 16, 13, 27, 31, 33,
         2, 15,  4, 20, 19, 17,  9, 21, 23, 24, 22, 11, 10, 32, 12,  3,  6, 14,
         5, 29, 28, 25, 26], dtype=torch.int32)
----------------------------------
35 1 34 37 36 38 39 18 16 30 13 27 31 40  8  7 41 19 17 20  9 11 21  4 22 32 33 25 26 24 23 10  3  2 12  6 14 15 29 28  5

[37 36 38 39 18 16 30 13 27 31 40  8  7 41 19 17 20  9 11 21  4
 22 32 33 25 26 24 23 10  3  2 12  6 14 15 29 28  5]
----------------------------------
[[6.000050e+01 8.166760e+01 5.507450e+01]
 [7.000030e+01 5.152050e+01 5.235830e+01]
 [5.000030e+01 5.152050e+01 5.235830e+01]
 [5.000050e+01 1.114638e+02 4.974250e+01]
 [7.000040e+01 1.114634e+02 4.974250e+01]
 [7.000050e+01 8.131890e+01 4.708210e+01]
 [5.000050e+01 8.131890e+01 4.708200e+01]
 [1.200001e+02 7.172890e+01 3.949300e+01]
 [1.200000e-03 7.172900e+01 3.949270e+01]
 [6.000050e+01 9.096070e+01 3.865370e+01]
 [6.000050e+01 1.209316e+02 3.734600e+01]
 [6.000030e+01 3.066920e+01 3.327700e+01]
 [6.000050e+01 6.064040e+01 3.196910e+01]
 [1.029999e+02 8.062110e+01 3.109740e+01]
 [7.799990e+01 8.062110e+01 3.109740e+01]
 [4.200060e+01 8.062110e+01 3.109730e+01]
 [1.700060e+01 8.062110e+01 3.109730e+01]
 [1.200004e+02 8.053420e+01 2.909930e+01]
 [0.000000e+00 8.053400e+01 2.909820e+01]
 [6.000050e+01 1.275911e+02 2.904800e+01]
 [6.000020e+01 1.002534e+02 2.223390e+01]
 [6.000050e+01 1.202342e+02 2.136140e+01]
 [6.000050e+01 1.482773e+02 1.928940e+01]
 [6.000050e+01 0.000000e+00 1.860050e+01]
 [6.000050e+01 1.595481e+02 1.830330e+01]
 [7.000030e+01 3.996230e+01 1.685630e+01]
 [5.000030e+01 3.996230e+01 1.685630e+01]
 [3.000030e+01 3.996220e+01 1.685630e+01]
 [9.000040e+01 3.996280e+01 1.685610e+01]
 [7.925050e+01 1.721043e+02 1.578520e+01]
 [4.075050e+01 1.721043e+02 1.578520e+01]
 [6.000050e+01 7.992380e+01 1.511280e+01]
 [7.400030e+01 3.987510e+01 1.485820e+01]
 [4.600030e+01 3.987510e+01 1.485820e+01]
 [6.000050e+01 1.198855e+02 1.336900e+01]
 [6.000040e+01 5.959390e+01 7.992400e+00]
 [7.000050e+01 1.937070e+01 3.742000e+00]
 [5.000050e+01 1.937070e+01 3.742000e+00]
 [7.000050e+01 8.930390e+01 6.904000e-01]
 [5.000050e+01 8.930380e+01 6.903000e-01]
 [6.000050e+01 5.924520e+01 0.000000e+00]]