tensor([[ 12.,  29.,  56.],
        [ 21.,  31.,  64.],
        [ 90.,  43.,  40.],
        [100.,  45.,  56.],
        [ 90.,  43.,  24.],
        [100.,  45.,  80.],
        [ 41.,  34.,  80.],
        [ 90.,  43.,  32.],
        [100.,  45.,  16.],
        [100.,  45.,   0.],
        [  0.,  37.,  58.],
        [ 64.,  79.,  98.],
        [  3.,  17.,  58.],
        [ 78.,   0.,  98.],
        [ 59.,  48.,  56.],
        [ 63.,  28.,  56.],
        [ 71.,  39.,  80.],
        [ 81.,  41., 104.]], dtype=torch.float64)
----------------------------------
tensor([18, 12, 14,  6,  7, 17,  2, 15,  4,  1, 11, 13, 16,  3,  8,  5,  9, 10],
       dtype=torch.int32)
----------------------------------
[18 12 14  6 17  7  2 11 13 15  4  1 16  3  8  5  9 10]
----------------------------------
[[ 80.5215  41.1289 104.    ]
 [ 63.7274  78.7847  98.    ]
 [ 77.6193   0.      98.    ]
 [100.2176  44.6018  80.    ]
 [ 70.673   39.392   80.    ]
 [ 41.1288  34.1825  80.    ]
 [ 21.4327  30.7095  64.    ]
 [  0.      37.0847  58.    ]
 [  3.4729  17.3885  58.    ]
 [ 59.0885  47.5035  56.    ]
 [100.2176  44.6018  56.    ]
 [ 11.5845  28.9731  56.    ]
 [ 62.5618  27.8078  56.    ]
 [ 90.3695  42.8653  40.    ]
 [ 90.3695  42.8653  32.    ]
 [ 90.3695  42.8653  24.    ]
 [100.2176  44.6018  15.9999]
 [100.2176  44.6018   0.    ]]