tensor([[ 10.,  70., 112.],
        [ 10.,  70.,  88.],
        [ 10.,  50.,  96.],
        [ 10.,  30., 112.],
        [ 10., 110., 112.],
        [ 10.,  20.,  98.],
        [ 10.,  90.,  96.],
        [  0.,  40.,  80.],
        [  0.,  40.,  56.],
        [  0.,  40.,  32.],
        [  0.,   0.,   0.],
        [  0.,  10.,   8.],
        [  0.,  30.,   6.]], dtype=torch.float64)
----------------------------------
tensor([ 5,  7,  1,  3,  4,  6,  2,  8,  9, 10, 12, 13, 11], dtype=torch.int32)
----------------------------------
[ 5  1  4  6  7  3  2  8  9 10 12 13 11]
----------------------------------
[[1.000010e+01 1.100004e+02 1.120000e+02]
 [1.000000e+01 7.000030e+01 1.120000e+02]
 [1.000000e+01 3.000030e+01 1.120000e+02]
 [1.000000e+01 2.000030e+01 9.800000e+01]
 [1.000000e+01 9.000040e+01 9.600000e+01]
 [1.000000e+01 5.000030e+01 9.600000e+01]
 [1.000010e+01 7.000030e+01 8.800000e+01]
 [0.000000e+00 4.000030e+01 8.000000e+01]
 [0.000000e+00 4.000030e+01 5.600000e+01]
 [0.000000e+00 4.000030e+01 3.200000e+01]
 [1.400000e-03 1.000010e+01 8.000000e+00]
 [0.000000e+00 3.000020e+01 6.000000e+00]
 [1.400000e-03 0.000000e+00 0.000000e+00]]