tensor([[10., 32., 94.],
        [10., 32., 78.],
        [20., 32., 54.],
        [20., 32., 30.],
        [ 0., 42., 54.],
        [ 0., 22., 54.],
        [ 0., 20., 30.],
        [ 0., 44., 30.],
        [ 0., 32., 14.],
        [20., 32., 14.],
        [30., 32.,  6.],
        [ 0., 32.,  4.],
        [20., 32.,  0.],
        [ 0.,  0., 70.],
        [ 0., 64., 70.],
        [ 0.,  4., 40.],
        [ 0., 60., 40.],
        [ 0.,  6., 60.],
        [ 0., 58., 60.]], dtype=torch.float64)
----------------------------------
tensor([ 1,  2,  5,  3,  6,  8,  4, 15, 14, 19, 18, 17, 16,  7, 10,  9, 11, 12,
        13], dtype=torch.int32)
----------------------------------
[ 1  2 15 14 19 18  5  3  6 17 16  8  4  7 10  9 11 12 13]
----------------------------------
[[10.      32.      94.     ]
 [10.      32.      78.     ]
 [ 0.      64.      70.     ]
 [ 0.       0.      70.     ]
 [ 0.      58.      60.     ]
 [ 0.       6.      60.     ]
 [ 0.      42.      54.     ]
 [20.      31.99977 54.     ]
 [ 0.      22.      54.     ]
 [ 0.      60.      39.9997 ]
 [ 0.       4.      39.9997 ]
 [ 0.      44.      30.     ]
 [20.      32.00001 30.     ]
 [ 0.      20.      30.     ]
 [20.      32.00001 14.     ]
 [ 0.      32.      14.     ]
 [30.      32.00001  6.     ]
 [ 0.      32.       4.2    ]
 [20.      32.00001  0.     ]]