tensor([[10., 30., 18.],
        [10., 30., 10.],
        [20., 30.,  0.],
        [ 0., 30.,  0.],
        [ 0., 30., 74.],
        [ 0.,  0., 74.],
        [ 0., 20., 58.],
        [ 0., 30., 34.]], dtype=torch.float64)
----------------------------------
tensor([6, 7, 5, 8, 1, 2, 3, 4], dtype=torch.int32)
----------------------------------
[5 6 7 8 1 2 3 4]
----------------------------------
[[0.00e+00 3.00e+01 7.38e+01]
 [1.60e-04 0.00e+00 7.38e+01]
 [0.00e+00 2.00e+01 5.78e+01]
 [0.00e+00 3.00e+01 3.38e+01]
 [1.00e+01 3.00e+01 1.78e+01]
 [1.00e+01 3.00e+01 9.80e+00]
 [2.00e+01 3.00e+01 0.00e+00]
 [0.00e+00 3.00e+01 0.00e+00]]