tensor([[ 70.,  10., 138.],
        [ 60.,  10., 154.],
        [ 50.,  20.,  98.],
        [ 50.,   0.,  98.],
        [ 40.,  20.,  74.],
        [ 40.,  20.,  50.],
        [ 30.,  20.,  34.],
        [ 40.,  20.,  18.],
        [ 40.,  20.,   0.],
        [  0.,  20.,  28.],
        [ 60.,  10., 178.],
        [ 60.,  10., 202.],
        [ 60.,  10., 226.],
        [ 90.,  10., 122.],
        [ 60.,  10., 122.],
        [ 40.,   6.,  18.],
        [ 40.,  34.,  18.],
        [ 40.,  10., 122.]], dtype=torch.float64)
----------------------------------
tensor([13, 12, 11,  2,  1, 17, 18, 14,  3,  4,  5,  6,  7, 10, 17,  8, 16,  9],
       dtype=torch.int32)
----------------------------------
[13 12 11  2  1 15 18 14  3  4  5  6  7 10 17  8 16  9]
----------------------------------
[[ 60.        9.99999 225.8    ]
 [ 60.        9.99999 201.8    ]
 [ 60.        9.99999 177.8    ]
 [ 60.        9.99999 153.8    ]
 [ 70.        9.99999 137.8    ]
 [ 60.       10.00002 121.8    ]
 [ 40.       10.00002 121.8    ]
 [ 90.        9.99999 121.8    ]
 [ 49.99998  20.       97.8    ]
 [ 49.99997   0.       97.8    ]
 [ 40.       20.       73.8    ]
 [ 40.       20.       49.8    ]
 [ 30.       20.       33.8    ]
 [  0.       20.       27.8    ]
 [ 40.       34.       17.8    ]
 [ 40.       20.       17.8    ]
 [ 40.        6.       17.8    ]
 [ 40.       20.        0.     ]]