tensor([[10., 40., 42.],
        [10., 10., 42.],
        [10., 50., 18.],
        [10., 70., 42.],
        [ 0., 40., 58.],
        [20., 40., 58.],
        [10.,  0., 18.],
        [20.,  0.,  0.],
        [ 0.,  0.,  0.]], dtype=torch.float64)
----------------------------------
tensor([6, 4, 5, 1, 2, 3, 7, 8, 9], dtype=torch.int32)
----------------------------------
[6 5 4 1 2 3 7 8 9]
----------------------------------
[[20.      40.      57.8    ]
 [ 0.      40.      57.8    ]
 [10.      70.      41.8    ]
 [10.      40.      41.8    ]
 [10.      10.      41.8    ]
 [ 9.99988 50.      17.8    ]
 [10.00002  0.      17.8    ]
 [20.       0.       0.     ]
 [ 0.       0.       0.     ]]