tensor([[70., 12., 24.],
        [60., 24., 48.],
        [20., 24., 64.],
        [ 0., 24., 48.],
        [20., 24.,  0.],
        [30., 24., 16.],
        [20., 24., 32.],
        [70., 36., 24.],
        [70.,  0., 24.],
        [70., 48., 24.],
        [70., 34.,  8.],
        [70., 14.,  8.],
        [30., 24., 48.]], dtype=torch.float64)
----------------------------------
tensor([ 3,  2, 13,  4,  7, 10,  8,  1,  9,  6, 11, 12,  5], dtype=torch.int32)
----------------------------------
[ 3  2 13  4  7 10  8  1  9  6 11 12  5]
----------------------------------
[[20. 24. 64.]
 [60. 24. 48.]
 [30. 24. 48.]
 [ 0. 24. 48.]
 [20. 24. 32.]
 [70. 48. 24.]
 [70. 36. 24.]
 [70. 12. 24.]
 [70.  0. 24.]
 [30. 24. 16.]
 [70. 34.  8.]
 [70. 14.  8.]
 [20. 24.  0.]]