tensor([[ 0., 30., 26.],
        [ 4., 39., 18.],
        [ 0., 30., 10.],
        [ 0.,  0., 36.],
        [ 9., 48., 12.],
        [ 0., 20., 42.],
        [ 0., 30.,  0.]], dtype=torch.float64)
----------------------------------
tensor([6, 4, 1, 2, 5, 3, 7], dtype=torch.int32)
----------------------------------
[6 4 1 2 5 3 7]
----------------------------------
[[0.00000e+00 2.00000e+01 4.18000e+01]
 [1.00000e-04 0.00000e+00 3.58000e+01]
 [0.00000e+00 3.00000e+01 2.58000e+01]
 [4.36910e+00 3.89951e+01 1.78000e+01]
 [8.73810e+00 4.79902e+01 1.18000e+01]
 [0.00000e+00 3.00000e+01 9.80000e+00]
 [0.00000e+00 3.00000e+01 0.00000e+00]]