tensor([[ 0., 14., 14.],
        [50., 14.,  4.],
        [60., 14., 22.],
        [60., 14., 14.],
        [10., 14.,  0.],
        [ 0., 28., 14.],
        [ 0.,  0., 14.],
        [20., 14., 14.],
        [40., 14., 14.],
        [30., 14., 30.]], dtype=torch.float64)
----------------------------------
tensor([10,  3,  6,  4,  9,  8,  1,  7,  2,  5], dtype=torch.int32)
----------------------------------
[10  3  8  6  4  9  1  7  2  5]
----------------------------------
[[30.        14.0001    29.63     ]
 [60.        14.0001    21.63     ]
 [20.        14.        14.       ]
 [ 0.        28.        13.63     ]
 [60.        14.0001    13.63     ]
 [40.        14.0001    13.63     ]
 [ 0.        14.        13.63     ]
 [ 0.         0.        13.63     ]
 [50.0003235 14.0001     3.63     ]
 [10.        14.         0.       ]]