tensor([[ 0., 24., 98.],
        [20., 24., 98.],
        [20., 64., 98.],
        [ 0., 64., 98.],
        [10., 44., 90.],
        [10., 44., 74.],
        [10.,  8., 46.],
        [10.,  0., 46.],
        [10., 50., 28.],
        [10., 54., 66.],
        [10., 64., 74.],
        [10., 24., 66.],
        [ 0., 54., 60.],
        [20., 54., 60.],
        [10., 44., 18.],
        [20., 10., 26.],
        [ 0., 10., 26.],
        [ 0., 44., 82.],
        [20., 44., 82.],
        [10., 22., 34.],
        [10., 28., 16.],
        [20., 24.,  0.],
        [ 0., 24.,  0.]], dtype=torch.float64)
----------------------------------
tensor([ 3, 19,  5,  4, 18,  2,  1, 11,  6, 10, 12, 14, 13, 20, 21, 15,  9,  7,
         8, 16, 17, 22, 23], dtype=torch.int32)
----------------------------------
[ 3  4  2  1  5 19 18 11  6 10 12 14 13  8  7 20  9 16 17 15 21 22 23]
----------------------------------
[[20.     64.0004 97.8   ]
 [ 0.     64.0004 97.8   ]
 [20.     24.0004 97.8   ]
 [ 0.     24.0004 97.8   ]
 [10.     44.0004 89.8   ]
 [20.     44.0004 81.8   ]
 [ 0.     44.0004 81.8   ]
 [10.     64.0004 73.8   ]
 [10.     44.0004 73.8   ]
 [10.     54.0004 65.8   ]
 [10.     24.0004 65.8   ]
 [20.     54.0004 59.8   ]
 [ 0.     54.0004 59.8   ]
 [ 9.9998  0.     45.8002]
 [ 9.9998  8.     45.8   ]
 [10.     22.0004 33.8   ]
 [10.     50.0004 27.8   ]
 [20.     10.0004 25.8   ]
 [ 0.     10.0004 25.8   ]
 [10.     44.0004 17.8   ]
 [10.     28.0004 15.8   ]
 [20.     24.0004  0.    ]
 [ 0.     24.0003  0.    ]]