tensor([[ 51.,  50.,  78.],
        [ 81.,  50., 102.],
        [ 11.,  10.,  70.],
        [  1.,   0.,  52.],
        [  1.,  20.,  52.],
        [ 11.,  90.,  70.],
        [  1.,  80.,  52.],
        [  1., 100.,  52.],
        [ 31.,  50.,  38.],
        [ 41.,  50.,  22.],
        [ 91.,  50.,  62.],
        [ 41.,  50.,  62.],
        [ 91.,  50.,  86.],
        [ 14.,  40.,  22.],
        [ 14.,  60.,  22.],
        [  0.,  28.,  24.],
        [  2.,  72.,  24.],
        [ 21.,  40.,  14.],
        [ 21.,  60.,  14.],
        [ 31.,  20.,  94.],
        [ 31.,  80.,  94.],
        [111.,  30.,  38.],
        [ 81.,   0.,   0.],
        [101.,  10.,  14.]], dtype=torch.float64)
----------------------------------
tensor([21,  1, 20, 11,  2, 13,  6,  3, 12,  8,  7,  5,  4,  9, 17, 16, 15, 10,
        14, 19, 18, 22, 24, 23], dtype=torch.int32)
----------------------------------
[ 2 21 20 13  1  6  3 11 12  8  7  5  4  9 22 17 16 15 10 14 19 18 24 23]
----------------------------------
[[8.104580e+01 5.000020e+01 1.020000e+02]
 [3.104590e+01 8.000020e+01 9.400000e+01]
 [3.104590e+01 2.000020e+01 9.400000e+01]
 [9.104590e+01 5.000025e+01 8.600000e+01]
 [5.104590e+01 5.000020e+01 7.800000e+01]
 [1.104560e+01 9.000050e+01 7.000000e+01]
 [1.104510e+01 1.000020e+01 7.000000e+01]
 [9.104590e+01 5.000026e+01 6.200000e+01]
 [4.104580e+01 5.000020e+01 6.200000e+01]
 [1.045300e+00 1.000008e+02 5.220000e+01]
 [1.045600e+00 8.000040e+01 5.220000e+01]
 [1.045000e+00 2.000020e+01 5.220000e+01]
 [1.045000e+00 1.000000e-04 5.220000e+01]
 [3.104580e+01 5.000020e+01 3.800000e+01]
 [1.110460e+02 3.000000e+01 3.800000e+01]
 [2.091800e+00 7.195450e+01 2.400000e+01]
 [0.000000e+00 2.804590e+01 2.400000e+01]
 [1.404590e+01 6.000020e+01 2.200000e+01]
 [4.104580e+01 5.000020e+01 2.200000e+01]
 [1.404590e+01 4.000020e+01 2.200000e+01]
 [2.104590e+01 6.000020e+01 1.400000e+01]
 [2.104590e+01 4.000020e+01 1.400000e+01]
 [1.010459e+02 1.000000e+01 1.400000e+01]
 [8.104590e+01 0.000000e+00 0.000000e+00]]