tensor([[ 0., 12.,  0.],
        [20.,  2., 20.],
        [60.,  2., 20.],
        [40., 12., 16.],
        [20., 22., 20.],
        [60., 22., 20.],
        [70., 22.,  6.],
        [70.,  2.,  6.],
        [50.,  0.,  0.],
        [50., 24.,  0.],
        [30.,  2.,  6.],
        [30., 22.,  6.]], dtype=torch.float64)
----------------------------------
tensor([ 4,  6,  5,  4,  2,  7, 12,  8, 11, 10,  1,  9], dtype=torch.int32)
----------------------------------
[ 6  5  3  2  4  7 12  8 11 10  1  9]
----------------------------------
[[60.0003 22.     19.9721]
 [19.9997 22.     19.9721]
 [60.0003  2.0001 19.9721]
 [19.9997  2.     19.9721]
 [40.     12.     16.    ]
 [70.     22.      6.2   ]
 [30.     22.      6.2   ]
 [70.      2.0001  6.2   ]
 [30.      2.      6.2   ]
 [50.     24.      0.    ]
 [ 0.     12.      0.    ]
 [50.      0.      0.    ]]