tensor([[ 80.,  62.,  88.],
        [ 90.,  62.,  72.],
        [ 70.,  62.,  72.],
        [110.,  62.,  56.],
        [ 50.,  62.,  56.],
        [100.,  62.,  40.],
        [ 60.,  62.,  40.],
        [  0.,  62.,   0.],
        [ 70.,  82.,  46.],
        [ 90.,  82.,  46.],
        [ 70.,  42.,  46.],
        [ 90.,  42.,  46.],
        [ 70.,  62.,  22.],
        [ 90.,  62.,  22.],
        [150.,  62.,   6.],
        [ 80., 124.,  72.],
        [ 90.,  62.,  56.],
        [ 70.,  62.,  56.],
        [ 40.,  62.,  72.],
        [120.,  62.,  72.],
        [ 20.,  62.,  48.],
        [ 10.,  62.,  24.],
        [140.,  62.,  48.],
        [150.,  62.,  24.],
        [100.,  86.,  72.],
        [ 90., 110.,  72.],
        [ 60.,  86.,  72.],
        [ 70., 110.,  72.],
        [ 80.,   0.,  72.],
        [100.,  38.,  72.],
        [ 90.,  14.,  72.],
        [ 60.,  38.,  72.],
        [ 70.,  14.,  72.]], dtype=torch.float64)
----------------------------------
tensor([ 1, 30, 32, 31, 33, 29, 16, 27, 20,  2,  3, 19, 26, 28, 25,  4, 17, 18,
         5, 23, 21, 10,  9, 12, 11,  6,  7, 24, 22, 14, 13, 15,  8],
       dtype=torch.int32)
----------------------------------
[ 1 30 32 31 33 29 16 27 20  2  3 19 26 28 25  4 17 18  5 23 21 10  9 12
 11  6  7 24 22 14 13 15  8]
----------------------------------
[[ 80.       61.997    88.     ]
 [100.       37.9999   72.3772 ]
 [ 60.       38.       72.3771 ]
 [ 90.       14.0001   72.3771 ]
 [ 70.       13.9999   72.377  ]
 [ 80.00003   0.       72.377  ]
 [ 80.00002 123.997    72.     ]
 [ 60.       85.9969   72.     ]
 [120.       61.997    72.     ]
 [ 90.       61.997    72.     ]
 [ 70.       61.997    72.     ]
 [ 40.       61.997    72.     ]
 [ 90.      109.997    71.9999 ]
 [ 70.      109.997    71.9999 ]
 [100.       85.997    71.9999 ]
 [110.       61.997    56.     ]
 [ 90.       61.997    56.     ]
 [ 70.       61.997    56.     ]
 [ 50.       61.997    56.     ]
 [140.       61.9971   48.     ]
 [ 20.       61.997    48.     ]
 [ 90.       81.997    46.2    ]
 [ 70.       81.997    46.2    ]
 [ 90.       41.997    46.2    ]
 [ 70.       41.997    46.2    ]
 [100.       61.997    40.     ]
 [ 60.       61.997    40.     ]
 [150.       61.9971   24.     ]
 [ 10.       61.997    24.     ]
 [ 90.       61.997    22.2    ]
 [ 70.       61.997    22.2    ]
 [150.       61.997     6.2    ]
 [  0.       61.997     0.     ]]