tensor([[10., 30., 40.],
        [10., 60., 40.],
        [10., 70., 16.],
        [10., 20., 16.],
        [20., 30., 56.],
        [ 0., 30., 56.],
        [10.,  0., 40.],
        [ 0., 70.,  0.],
        [20., 70.,  0.]], dtype=torch.float64)
----------------------------------
tensor([6, 7, 5, 2, 1, 3, 4, 9, 8], dtype=torch.int32)
----------------------------------
[5 6 2 1 7 3 4 9 8]
----------------------------------
[[20. 30. 56.]
 [ 0. 30. 56.]
 [10. 60. 40.]
 [10. 30. 40.]
 [10.  0. 40.]
 [10. 70. 16.]
 [10. 20. 16.]
 [20. 70.  0.]
 [ 0. 70.  0.]]