tensor([[  2.,   0., 288.],
        [  2.,  10., 264.],
        [  2.,  10., 240.],
        [  2.,  10., 216.],
        [  2.,  30., 168.],
        [  2.,  50., 216.],
        [  2.,  90., 168.],
        [  2.,  30.,  96.],
        [  2.,  90.,  96.],
        [  2.,  10.,  72.],
        [  2.,  30.,  48.],
        [  2.,  50.,  24.],
        [  0.,  80.,  24.],
        [  2., 100.,  32.],
        [  2., 110.,  30.],
        [  2., 100.,  16.],
        [  2.,  70.,   8.],
        [  2.,  70.,   0.],
        [  2.,  30., 192.],
        [  2.,  70., 144.],
        [  2.,  30., 120.],
        [  2.,  10., 144.],
        [  2.,  90., 120.],
        [  2.,  70.,  72.],
        [  2.,  90.,  48.],
        [  2.,  40.,  72.],
        [  2.,  60.,  48.]], dtype=torch.float64)
----------------------------------
tensor([ 1,  2,  3,  6,  4, 19,  7,  5, 20, 22, 23, 21,  9,  8, 24, 26, 10, 25,
        27, 11, 14, 15, 13, 12, 16, 17, 18], dtype=torch.int32)
----------------------------------
[ 1  2  3  6  4 19  7  5 20 22 23 21  9  8 24 26 10 25 27 11 14 15 13 12
 16 17 18]
----------------------------------
[[  2.       0.     288.    ]
 [  2.      10.     264.    ]
 [  2.      10.     240.    ]
 [  2.      50.     216.    ]
 [  2.      10.     216.    ]
 [  2.      30.     192.    ]
 [  2.      90.     168.    ]
 [  2.      30.     168.    ]
 [  2.      70.     144.    ]
 [  2.      10.     144.    ]
 [  2.      90.     120.    ]
 [  2.      30.     120.    ]
 [  2.      90.      96.    ]
 [  2.      30.      96.    ]
 [  2.      70.      72.    ]
 [  2.      40.      72.    ]
 [  2.      10.      72.    ]
 [  2.      90.      48.    ]
 [  2.      60.      48.    ]
 [  1.9999  30.      48.    ]
 [  2.     100.      32.    ]
 [  2.0001 110.      30.    ]
 [  0.      80.      24.    ]
 [  2.      50.      24.    ]
 [  2.0001 100.      16.    ]
 [  2.      70.       8.    ]
 [  2.      70.       0.    ]]