tensor([[ 24.,  30.,  82.],
        [ 24.,  54.,  82.],
        [ 14.,  42.,  58.],
        [ 24.,  42.,  42.],
        [  0.,  42.,  42.],
        [ 22.,  42.,  18.],
        [ 24.,  42.,   0.],
        [ 14.,  32., 106.],
        [ 14.,  52., 106.],
        [ 15.,   0.,  92.],
        [ 24.,  16.,  82.],
        [ 24.,   6.,  72.],
        [ 24.,  68.,  82.],
        [ 24.,  78.,  72.],
        [ 14.,  84.,  92.],
        [ 10.,  32.,  18.],
        [ 10.,  52.,  18.],
        [ 14.,  42.,  34.]], dtype=torch.float64)
----------------------------------
tensor([ 9,  8, 10, 15, 13, 11,  2,  1, 14, 12,  3,  4,  5, 18, 17,  6, 16,  7],
       dtype=torch.int32)
----------------------------------
[ 9  8 10 15 13 11  2  1 14 12  3  4  5 18 17  6 16  7]
----------------------------------
[[ 14.49998   52.       105.8     ]
 [ 14.49998   32.       105.8     ]
 [ 14.50004    0.        91.801   ]
 [ 14.499959  84.        91.8     ]
 [ 24.5       68.0001    81.8002  ]
 [ 24.5       15.9999    81.8002  ]
 [ 24.5       54.        81.8001  ]
 [ 24.5       29.9998    81.8001  ]
 [ 24.5       77.8001    71.8     ]
 [ 24.5        6.1999    71.8     ]
 [ 14.49998   42.        57.8     ]
 [ 24.5       41.9998    41.8     ]
 [  0.        41.9998    41.8     ]
 [ 14.49998   42.        33.8     ]
 [ 10.5       51.9998    17.8     ]
 [ 22.5       41.9998    17.8     ]
 [ 10.5       31.9998    17.8     ]
 [ 24.5       41.9998     0.      ]]