tensor([[10., 18., 26.],
        [10.,  0., 26.],
        [10., 36., 26.],
        [28., 18., 26.],
        [ 0., 18., 10.],
        [10., 18.,  0.],
        [ 3., 18., 42.]], dtype=torch.float64)
----------------------------------
tensor([7, 3, 4, 1, 2, 5, 6], dtype=torch.int32)
----------------------------------
[7 3 4 1 2 5 6]
----------------------------------
[[ 3.  17.8 41.8]
 [10.  35.6 25.8]
 [27.8 17.8 25.8]
 [10.  17.8 25.8]
 [10.   0.  25.8]
 [ 0.  17.8  9.8]
 [10.  17.8  0. ]]