tensor([[ 0., 20., 38.],
        [ 0.,  0., 28.],
        [ 0., 20., 52.],
        [ 0., 36., 38.],
        [ 0., 52., 38.],
        [ 0., 40., 22.],
        [ 0., 20., 14.],
        [ 0., 60., 14.],
        [ 0., 20.,  6.],
        [ 0., 60.,  6.],
        [ 2., 20.,  0.],
        [ 1., 60.,  0.],
        [ 0., 68., 45.],
        [ 0., 40., 16.]], dtype=torch.float64)
----------------------------------
tensor([13,  5,  4,  1,  3,  2,  6, 14,  8,  7, 10,  9, 12, 11],
       dtype=torch.int32)
----------------------------------
[ 3 13  5  4  1  2  6 14  8  7 10  9 12 11]
----------------------------------
[[ 0.     19.9721 52.    ]
 [ 0.     67.9721 45.    ]
 [ 0.     51.9721 38.    ]
 [ 0.     35.9721 38.    ]
 [ 0.     19.9721 38.    ]
 [ 0.      0.     28.0003]
 [ 0.     39.9721 22.    ]
 [ 0.     39.9721 16.    ]
 [ 0.     59.9721 14.    ]
 [ 0.     19.9721 14.    ]
 [ 0.     59.9721  6.    ]
 [ 0.     19.9721  6.    ]
 [ 1.     59.9721  0.    ]
 [ 2.     19.9721  0.    ]]