tensor([[40., 20., 72.],
        [ 0., 20., 72.],
        [ 0., 20., 48.],
        [30., 20., 32.],
        [ 0., 20., 32.],
        [30., 20., 16.],
        [20., 20.,  0.],
        [10., 10., 16.],
        [10., 30., 16.],
        [10., 10., 88.],
        [10., 30., 88.],
        [30.,  0., 48.],
        [30., 40., 48.]], dtype=torch.float64)
----------------------------------
tensor([11,  2, 10,  1, 13,  3, 12,  5,  4,  9,  6,  8,  7], dtype=torch.int32)
----------------------------------
[11 10  1  2 13  3 12  5  4  9  6  8  7]
----------------------------------
[[1.00000e+01 3.00000e+01 8.80000e+01]
 [1.00001e+01 1.00000e+01 8.80000e+01]
 [4.00001e+01 2.00000e+01 7.20000e+01]
 [0.00000e+00 2.00000e+01 7.20000e+01]
 [3.00000e+01 4.00000e+01 4.80000e+01]
 [1.00000e-04 2.00000e+01 4.80000e+01]
 [3.00001e+01 0.00000e+00 4.80000e+01]
 [0.00000e+00 2.00001e+01 3.20000e+01]
 [3.00001e+01 2.00000e+01 3.20000e+01]
 [1.00001e+01 3.00001e+01 1.60000e+01]
 [3.00001e+01 2.00000e+01 1.60000e+01]
 [1.00000e+01 1.00001e+01 1.60000e+01]
 [2.00001e+01 2.00001e+01 0.00000e+00]]