tensor([[ 24., 166.,  80.],
        [ 34.,  76.,  14.],
        [ 14.,  76.,  14.],
        [ 14.,  94.,  32.],
        [ 34.,  94.,  32.],
        [ 14.,  94.,  56.],
        [ 34.,  94.,  56.],
        [ 14.,  94.,  76.],
        [ 34.,  94.,  76.],
        [ 24.,  56., 128.],
        [ 24., 156., 128.],
        [ 24., 156.,  88.],
        [ 34., 156., 152.],
        [ 34.,  56., 152.],
        [ 14.,  56., 152.],
        [ 14., 156., 152.],
        [ 24.,  66.,  88.],
        [ 24.,  78.,  32.],
        [ 24., 126.,  88.],
        [ 24.,  86., 104.],
        [ 24., 146., 104.],
        [ 24.,  78.,  64.],
        [ 24.,  56.,  72.],
        [ 24.,  56.,  56.],
        [ 36.,  56.,  32.],
        [ 12.,  56.,  32.],
        [ 24.,  36.,  32.],
        [ 24.,   0.,  32.],
        [ 24.,  56.,   0.],
        [  0.,  56.,  32.],
        [ 48.,  56.,  32.],
        [ 24.,  56.,  16.],
        [ 14.,  14.,  32.],
        [ 34.,  14.,  32.],
        [ 14.,  36.,  48.],
        [ 34.,  36.,  48.]], dtype=torch.float64)
----------------------------------
tensor([20, 10, 17, 22,  8,  9, 19, 21, 11, 16, 15, 14, 13, 12,  1, 23, 24, 18,
         3,  2,  6,  7,  4,  5, 35, 26, 29, 32, 25, 36, 33, 34, 27, 28, 31, 30],
       dtype=torch.int32)
----------------------------------
13, 14, 11 21 19 16, 15, 10 20 12 17  1  9  8 23 22  7  6 24 36 35  5  4 18 31 25 26 30 27 34 33 28 32  2  3 29

[12 17  1  9  8 23 22  7  6 24 36 35  5  4 18
 31 25 26 30 27 34 33 28 32  2  3 29]
----------------------------------
[[ 34.  156.  152. ]
 [ 14.  156.  152. ]
 [ 34.   56.  152. ]
 [ 14.   56.  152. ]
 [ 24.  156.  128. ]
 [ 24.   56.  128. ]
 [ 24.  146.  104. ]
 [ 24.   86.  104. ]
 [ 24.  156.   88. ]
 [ 24.  126.   88. ]
 [ 24.   66.   88. ]
 [ 24.  166.   80. ]
 [ 34.   93.8  76. ]
 [ 14.   93.8  76. ]
 [ 24.   56.   72. ]
 [ 24.   78.   64. ]
 [ 34.   93.8  56. ]
 [ 14.   93.8  56. ]
 [ 24.   56.   56. ]
 [ 34.   36.   48. ]
 [ 14.   36.   48. ]
 [ 34.   93.8  32. ]
 [ 14.   93.8  32. ]
 [ 24.   78.   32. ]
 [ 48.   56.   32. ]
 [ 36.   56.   32. ]
 [ 12.   56.   32. ]
 [  0.   56.   32. ]
 [ 24.   36.   32. ]
 [ 34.   14.   32. ]
 [ 14.   14.   32. ]
 [ 24.    0.   32. ]
 [ 24.   56.   16. ]
 [ 34.   76.   14.2]
 [ 14.   76.   14.2]
 [ 24.   56.    0. ]]