tensor([[ 50.,  50.,  64.],
        [ 80.,  50.,  88.],
        [ 10.,  10.,  56.],
        [  0.,   0.,  38.],
        [  0.,  20.,  38.],
        [ 10.,  90.,  56.],
        [  0.,  80.,  38.],
        [  0., 100.,  38.],
        [ 30.,  50.,  24.],
        [ 40.,  50.,   8.],
        [ 20.,  40.,   0.],
        [ 20.,  60.,   0.],
        [ 20.,   8.,  10.],
        [ 20.,  92.,  10.],
        [ 12.,   0.,  10.],
        [ 12., 100.,  10.],
        [ 90.,  50.,  72.],
        [ 30.,  80.,  80.],
        [ 60.,  20.,  80.],
        [ 30.,  20.,  80.],
        [ 60.,  80.,  80.],
        [ 40.,  50.,  48.],
        [ 70.,  50.,  48.],
        [ 20.,  33.,   8.],
        [ 20.,  67.,   8.],
        [110.,  50.,  48.],
        [110.,  30.,  24.],
        [ 60.,  20.,   2.],
        [100.,  20.,   8.]], dtype=torch.float64)
----------------------------------
tensor([21, 19, 20, 18,  1,  2, 17,  6,  3, 26, 23, 22,  8,  7,  5,  4,  9, 27,
        15, 14, 13, 16, 25, 10, 24, 29, 28, 12, 11], dtype=torch.int32)
----------------------------------
[ 2 18 21 20 19 17  1  6  3 26 23 22  8  7  5  4  9 27 15 14 13 16 25 10
 24 29 28 12 11]
----------------------------------
[[8.000080e+01 5.000010e+01 8.800000e+01]
 [3.000060e+01 8.000040e+01 8.000000e+01]
 [6.000090e+01 8.000010e+01 8.000000e+01]
 [3.000020e+01 2.000020e+01 8.000000e+01]
 [6.000090e+01 2.000010e+01 8.000000e+01]
 [9.000090e+01 5.000016e+01 7.200000e+01]
 [5.000090e+01 5.000010e+01 6.400000e+01]
 [1.000060e+01 9.000040e+01 5.600000e+01]
 [1.000010e+01 1.000010e+01 5.600000e+01]
 [1.100010e+02 5.000010e+01 4.800000e+01]
 [7.000090e+01 5.000010e+01 4.800000e+01]
 [4.000080e+01 5.000010e+01 4.800000e+01]
 [3.000000e-04 1.000007e+02 3.820000e+01]
 [6.000000e-04 8.000030e+01 3.820000e+01]
 [0.000000e+00 2.000010e+01 3.820000e+01]
 [0.000000e+00 0.000000e+00 3.820000e+01]
 [3.000080e+01 5.000010e+01 2.400000e+01]
 [1.100010e+02 2.999990e+01 2.400000e+01]
 [1.200080e+01 1.000000e-04 1.000010e+01]
 [2.000080e+01 9.200010e+01 1.000000e+01]
 [2.000080e+01 8.000100e+00 1.000000e+01]
 [1.200080e+01 1.000001e+02 9.999900e+00]
 [2.000080e+01 6.700010e+01 8.000000e+00]
 [4.000080e+01 5.000010e+01 8.000000e+00]
 [2.000080e+01 3.300010e+01 8.000000e+00]
 [1.000011e+02 1.999980e+01 8.000000e+00]
 [6.000110e+01 1.999970e+01 2.000000e+00]
 [2.000080e+01 6.000010e+01 0.000000e+00]
 [2.000080e+01 4.000010e+01 0.000000e+00]]