tensor([[ 14.,  16.,  32.],
        [ 14., 112.,  18.],
        [  4.,  56.,   0.],
        [ 14.,  32.,  18.],
        [ 14.,  86.,   0.],
        [ 14.,  76.,   2.],
        [ 24.,  56.,   0.],
        [ 14.,  40.,  18.],
        [ 24.,  96.,  50.],
        [ 24.,  96.,  42.],
        [ 24.,  56.,  50.],
        [ 24.,  56.,  42.],
        [  4.,  56.,  50.],
        [  4.,  56.,  42.],
        [  4.,  96.,  50.],
        [  4.,  96.,  42.],
        [ 14.,   0.,  32.],
        [ 28.,  26.,  18.],
        [  0.,  26.,  18.],
        [  4.,  76.,  34.],
        [ 24.,  76.,  34.],
        [  4.,  54.,  18.],
        [ 24.,  54.,  18.],
        [ 14.,  98.,  18.],
        [ 14.,  76.,  18.]], dtype=torch.float64)
----------------------------------
tensor([ 9, 10, 15, 16, 21, 11, 12, 13, 14, 20, 24, 25, 23, 22,  6,  7,  3,  5,
         8,  4, 17,  1, 18,  2, 19], dtype=torch.int32)
----------------------------------
[ 9 15 11 13 10 16 12 14 21 20 17  1 18  8  2 24 25 23 22  4 19  6  7  3
  5]
----------------------------------
[[ 24.1421  96.      50.    ]
 [  4.1419  96.      50.    ]
 [ 24.1421  55.9998  50.    ]
 [  4.1419  55.9998  50.    ]
 [ 24.1421  96.      42.    ]
 [  4.1419  96.      42.    ]
 [ 24.1421  55.9998  42.    ]
 [  4.1419  55.9998  42.    ]
 [ 24.1421  76.      34.    ]
 [  4.1419  75.9998  34.    ]
 [ 14.1419   0.      32.1423]
 [ 14.1419  16.0001  32.1422]
 [ 28.284   25.9997  18.0002]
 [ 14.1419  39.9998  18.0001]
 [ 14.1421 112.      18.    ]
 [ 14.1421  98.      18.    ]
 [ 14.1421  76.      18.    ]
 [ 24.1421  54.      18.    ]
 [  4.1419  53.9998  18.    ]
 [ 14.1418  31.9998  18.    ]
 [  0.      25.9999  18.    ]
 [ 14.1421  76.       2.    ]
 [ 24.1421  56.       0.2   ]
 [  4.1419  55.9998   0.2   ]
 [ 14.1421  86.0003   0.    ]]