tensor([[ 20.,  38.,  26.],
        [ 20.,  38.,  10.],
        [ 20.,  22.,  26.],
        [ 30.,  38.,   0.],
        [ 10.,  38.,   0.],
        [  2.,  29.,  63.],
        [ 38.,  29.,  63.],
        [ 36.,  15.,  71.],
        [  4.,  15.,  71.],
        [ 20.,  96.,  16.],
        [ 20., 104.,  36.],
        [ 40.,  48.,  88.],
        [ 20.,  58.,  90.],
        [ 40.,  58.,  76.],
        [  0.,  48.,  88.],
        [  0.,  58.,  76.],
        [ 40.,  31., 106.],
        [  0.,  31., 106.],
        [ 20.,  12.,  16.],
        [ 20.,  14.,  36.],
        [ 20.,   6.,  36.],
        [ 20.,   0.,  36.],
        [ 20.,  52.,  36.],
        [ 20.,  38.,  42.],
        [ 20.,  48.,  94.],
        [ 20.,  94.,  56.],
        [ 20.,  68.,  56.],
        [ 20.,  38.,  58.],
        [ 20.,  58.,  66.],
        [ 20.,  48.,  74.],
        [ 20.,  58.,  82.],
        [ 20.,  78.,  82.],
        [  6.,  38.,  26.],
        [ 34.,  38.,  26.],
        [ 20.,  38.,  82.],
        [ 20.,  80.,  66.]], dtype=torch.float64)
----------------------------------
tensor([25, 13, 31, 35, 30, 29, 36, 27, 32, 12, 17, 15, 18, 28, 24,  1, 23, 34,
        14, 16,  2,  5,  4,  3, 20, 19, 21, 22, 26, 10, 11, 33,  6,  9,  7,  8],
       dtype=torch.int32)
25, 13, 31, 17 12 14 18 15 16 35, 30, 29, 32, 36, 27, 26, 28  8 7 9 6 26 24,  1, 23
 33 34  3 20 21, 22, 19 10, 11, 2,  4,  5
----------------------------------
----------------------------------
[[4.000090e+01 3.099880e+01 1.058003e+02]
 [0.000000e+00 3.099840e+01 1.058003e+02]
 [2.000070e+01 4.799880e+01 9.377230e+01]
 [2.000070e+01 5.799910e+01 8.980030e+01]
 [4.000080e+01 4.799890e+01 8.780030e+01]
 [1.400000e-03 4.799710e+01 8.780020e+01]
 [2.000070e+01 7.799910e+01 8.180030e+01]
 [2.000070e+01 5.799920e+01 8.180030e+01]
 [2.000080e+01 3.799910e+01 8.180030e+01]
 [4.000090e+01 5.799970e+01 7.580020e+01]
 [1.000000e-04 5.799930e+01 7.580020e+01]
 [2.000080e+01 4.799910e+01 7.380030e+01]
 [3.600040e+01 1.461670e+01 7.130000e+01]
 [4.001200e+00 1.461670e+01 7.130000e+01]
 [2.000070e+01 7.999910e+01 6.580030e+01]
 [2.000070e+01 5.799910e+01 6.580020e+01]
 [3.800030e+01 2.933950e+01 6.280000e+01]
 [2.000200e+00 2.933870e+01 6.279890e+01]
 [2.000080e+01 3.799910e+01 5.780030e+01]
 [2.000070e+01 9.399930e+01 5.580040e+01]
 [2.000070e+01 6.799880e+01 5.580020e+01]
 [2.000080e+01 3.799920e+01 4.180030e+01]
 [2.000060e+01 1.039992e+02 3.580100e+01]
 [2.000230e+01 1.400010e+01 3.580020e+01]
 [2.000230e+01 5.999900e+00 3.580020e+01]
 [2.000230e+01 0.000000e+00 3.580020e+01]
 [2.000250e+01 5.200000e+01 3.579990e+01]
 [2.000240e+01 2.200080e+01 2.580010e+01]
 [3.400250e+01 3.800080e+01 2.580000e+01]
 [2.000240e+01 3.800080e+01 2.580000e+01]
 [6.002200e+00 3.800080e+01 2.580000e+01]
 [2.000060e+01 9.599950e+01 1.580060e+01]
 [2.000240e+01 1.220070e+01 1.580000e+01]
 [2.000240e+01 3.800080e+01 9.800000e+00]
 [3.000240e+01 3.800080e+01 0.000000e+00]
 [1.000230e+01 3.800080e+01 0.000000e+00]]