tensor([[20., 32., 96.],
        [20., 32., 80.],
        [30., 32., 64.],
        [10., 32., 56.],
        [30., 20., 48.],
        [30., 44., 48.],
        [30., 32., 32.],
        [30., 32., 24.],
        [10., 32., 32.],
        [10., 32., 16.],
        [ 0., 32.,  8.],
        [10., 32.,  0.],
        [30., 32., 16.],
        [30., 32.,  6.],
        [30.,  6., 58.],
        [30.,  4., 38.],
        [30.,  0., 68.],
        [30., 58., 58.],
        [30., 60., 38.],
        [30., 64., 68.]], dtype=torch.float64)
----------------------------------
tensor([ 1,  2,  3,  4,  6,  5,  9,  7, 15, 16, 17, 18, 19, 20,  8, 10, 13, 11,
        14, 12], dtype=torch.int32)
----------------------------------
[ 1  2 20 17  3 18 15  4  6  5 19 16  9  7  8 10 13 11 14 12]
----------------------------------
[[20.      32.0001  96.     ]
 [20.      32.0001  80.     ]
 [29.9999  64.0001  68.0001 ]
 [29.9999   0.      68.     ]
 [29.9999  32.0001  64.     ]
 [29.9999  58.0001  58.     ]
 [29.9999   6.      58.     ]
 [10.      32.0001  56.     ]
 [29.9999  44.0001  48.     ]
 [29.9999  20.      48.     ]
 [29.9999  60.0001  37.9997 ]
 [29.9999   4.      37.9997 ]
 [10.      32.0001  32.     ]
 [30.      32.00006 32.     ]
 [30.      32.00007 24.     ]
 [10.      32.0001  16.     ]
 [30.      32.00006 16.     ]
 [ 0.      32.0001   8.     ]
 [30.      32.00006  6.2    ]
 [10.      32.0001   0.     ]]