tensor([[ 94.,  30.,  96.],
        [ 54.,  30.,  72.],
        [ 54.,  30.,  96.],
        [114.,  30.,  72.],
        [ 44.,  30.,   0.],
        [ 34.,  30.,  24.],
        [ 14.,  30.,   0.],
        [ 34.,  30.,  48.],
        [  4.,  30.,  16.],
        [ 54.,  30., 200.],
        [ 54.,  30., 120.],
        [ 54.,  60.,  74.],
        [ 94.,  60.,  74.],
        [ 54.,   0.,  74.],
        [ 94.,   0.,  74.],
        [  0.,  30.,  30.],
        [ 54.,  30., 184.],
        [ 54.,  30., 176.],
        [ 54.,  30., 168.],
        [ 54.,  30., 160.],
        [ 54.,  30., 152.],
        [ 54.,  30., 144.],
        [ 54.,  30., 136.]], dtype=torch.float64)
----------------------------------
tensor([10, 17, 18, 19, 20, 21, 22, 23, 11,  3, 13, 12, 15, 14,  4,  2,  1,  8,
         6,  5,  7,  9, 16], dtype=torch.int32)
----------------------------------
[10 17 18 19 20 21 22 23 11  1  3 13 12 15 14  4  2  8 16  6  9  5  7]
----------------------------------
[[ 54.       30.      200.     ]
 [ 54.       30.      184.     ]
 [ 54.       30.      176.     ]
 [ 54.       30.      168.     ]
 [ 54.       30.      160.     ]
 [ 54.       30.      152.     ]
 [ 54.       30.      144.     ]
 [ 54.       30.      136.     ]
 [ 54.       30.      120.     ]
 [ 94.       30.       96.     ]
 [ 54.       30.       96.     ]
 [ 94.       59.99998  74.     ]
 [ 54.       59.99998  74.     ]
 [ 94.        0.       74.     ]
 [ 54.        0.       74.     ]
 [114.       30.       72.     ]
 [ 54.       30.       72.     ]
 [ 34.       30.       48.     ]
 [  0.       30.       30.     ]
 [ 34.       30.       24.     ]
 [  4.       30.       16.     ]
 [ 44.       30.        0.     ]
 [ 14.       30.        0.     ]]