tensor([[ 26.,   0.,  86.],
        [ 36.,  32.,  60.],
        [ 16.,  32.,  60.],
        [ 26.,  76.,  58.],
        [ 16.,  42.,  35.],
        [ 36.,  42.,  35.],
        [ 42.,  42.,   0.],
        [  0.,  42.,   4.],
        [ 26.,  42.,  78.],
        [ 26.,  42.,  46.],
        [ 26.,  42.,  70.],
        [ 26.,  20.,  86.],
        [ 16.,  42.,  94.],
        [ 36.,  42.,  94.],
        [ 36.,  42.,  18.],
        [ 12.,  42.,  19.],
        [ 26.,  46.,  58.],
        [ 26.,  62.,  48.],
        [ 16.,  68.,  38.],
        [ 36.,  68.,  38.],
        [ 26.,   6.,  86.],
        [ 26.,  70.,  58.],
        [ 16.,  22., 102.],
        [ 36.,  22., 102.]], dtype=torch.float64)
----------------------------------
tensor([24, 23, 12,  2,  3, 21, 14,  9, 13, 11, 17,  1,  4, 22, 18, 10, 20, 19,
         6,  5, 16, 15,  8,  7], dtype=torch.int32)
----------------------------------
[24 23 14 13 12 21  1  9 11  2  3 17  4 22 18 10 20 19  6  5 16 15  8  7]
----------------------------------
[[ 35.8988  22.     102.    ]
 [ 15.8988  22.     102.    ]
 [ 35.8988  42.      94.    ]
 [ 15.8988  42.      94.    ]
 [ 25.8988  20.      86.    ]
 [ 25.8988   6.      86.    ]
 [ 25.8988   0.      86.    ]
 [ 25.8988  42.      78.    ]
 [ 25.8988  42.      70.    ]
 [ 35.8988  32.      60.    ]
 [ 15.8988  32.      60.    ]
 [ 25.8988  46.      58.    ]
 [ 25.8988  76.      57.9999]
 [ 25.8988  70.      57.9999]
 [ 25.8988  62.      48.    ]
 [ 25.8988  42.      46.    ]
 [ 35.8988  68.      38.    ]
 [ 15.8988  68.      38.    ]
 [ 35.8988  42.      35.    ]
 [ 15.8988  42.      35.    ]
 [ 11.7945  42.0001  18.7237]
 [ 35.8988  42.      18.    ]
 [  0.      42.       3.8614]
 [ 41.8987  42.       0.    ]]