tensor([[ 7., 26., 16.],
        [17., 26., 24.],
        [27., 26., 14.],
        [ 0., 36., 56.],
        [ 0., 16., 56.],
        [37., 26., 56.],
        [27., 26., 32.],
        [27., 26., 40.],
        [ 7., 14., 40.],
        [ 7., 38., 40.],
        [ 7.,  0., 50.],
        [ 7., 52., 50.],
        [ 5., 26.,  0.],
        [27., 26., 48.]], dtype=torch.float64)
----------------------------------
tensor([ 5,  9,  7,  8,  6, 14,  8,  7,  2, 12, 11,  1,  3, 13],
       dtype=torch.int32)
----------------------------------
[ 4  5  6 12 11 14 10  8  9  7  2  1  3 13]
----------------------------------
[[0.000000e+00 3.599980e+01 5.600000e+01]
 [1.000000e-04 1.600000e+01 5.600000e+01]
 [3.710040e+01 2.610050e+01 5.554890e+01]
 [7.000100e+00 5.200010e+01 5.000000e+01]
 [7.000100e+00 0.000000e+00 5.000000e+01]
 [2.737200e+01 2.610050e+01 4.754890e+01]
 [7.000100e+00 3.800010e+01 4.000000e+01]
 [2.700000e+01 2.600010e+01 4.000000e+01]
 [7.000100e+00 1.400000e+01 4.000000e+01]
 [2.700000e+01 2.600010e+01 3.200000e+01]
 [1.700006e+01 2.600010e+01 2.400000e+01]
 [7.000100e+00 2.600000e+01 1.600000e+01]
 [2.700000e+01 2.600010e+01 1.420000e+01]
 [5.000100e+00 2.600000e+01 0.000000e+00]]