tensor([[ 96.,  46.,  72.],
        [ 56.,  36.,  72.],
        [ 56.,  56.,  72.],
        [ 76.,  46.,  88.],
        [ 46.,  58.,  24.],
        [ 46.,  34.,  24.],
        [  0.,  46.,  25.],
        [ 66.,  46.,  54.],
        [ 58.,  80.,  48.],
        [ 58.,  10.,  48.],
        [ 66.,  89.,  48.],
        [ 65.,   0.,  48.],
        [ 46.,  17.,  48.],
        [ 46.,  75.,  48.],
        [ 46.,  58.,  48.],
        [ 46.,  34.,  48.],
        [106.,  46.,  54.],
        [ 39.,  46.,   8.],
        [ 25.,  46.,  20.],
        [ 16.,  46.,  27.],
        [ 46.,  46.,   0.],
        [ 46.,  22.,  24.],
        [ 46.,  70.,  24.]], dtype=torch.float64)
----------------------------------
tensor([ 4,  3,  2,  1,  8, 17,  9, 14, 15, 16, 13, 10, 12, 11, 20,  7, 23,  5,
         6, 22, 19, 18, 21], dtype=torch.int32)
----------------------------------
[ 4  3  2  1  8 17  9 14 15 16 13 10 12 11 20  7 23  5  6 22 19 18 21]
----------------------------------
[[ 76.1219  45.5058  87.9999]
 [ 56.1218  55.5058  72.    ]
 [ 56.1218  35.5058  72.    ]
 [ 96.1219  45.5058  71.9999]
 [ 66.1218  45.5058  54.2   ]
 [106.1219  45.5058  54.1999]
 [ 58.1218  79.5058  48.0001]
 [ 46.1218  74.5058  48.0001]
 [ 46.1218  57.5058  48.    ]
 [ 46.1218  33.5058  48.    ]
 [ 46.1218  16.5058  48.    ]
 [ 58.0761  10.4599  48.    ]
 [ 65.1915   0.      48.    ]
 [ 66.1218  89.3059  47.9998]
 [ 15.8959  45.5059  26.9586]
 [  0.      45.5059  25.1362]
 [ 46.122   69.5058  24.    ]
 [ 46.122   57.5058  24.    ]
 [ 46.1218  33.5059  24.    ]
 [ 46.1218  21.5059  24.    ]
 [ 24.755   45.5059  19.9219]
 [ 39.1069  45.5059   8.    ]
 [ 46.1218  45.5059   0.    ]]