tensor([[  0.,  56.,  10.],
        [ 10.,  56.,   4.],
        [ 30.,  56.,  10.],
        [ 30.,  56.,   0.],
        [ 90.,  74.,  34.],
        [ 80.,  56.,  12.],
        [ 70.,  79.,  34.],
        [ 80.,  52.,  24.],
        [ 90.,  38.,  36.],
        [ 70.,  16.,  26.],
        [ 61.,   0.,  18.],
        [ 70.,  96.,  34.],
        [ 62., 113.,  26.],
        [ 62.,  56.,  34.],
        [ 98.,  56.,  34.],
        [ 37.,  56.,  34.],
        [ 30.,  56.,  26.],
        [ 80.,  60.,  32.],
        [123.,  56.,  34.],
        [ 80.,  56.,  42.],
        [140.,  56.,  26.],
        [ 70.,  33.,  26.],
        [ 20.,  56.,  18.]], dtype=torch.float64)
----------------------------------
tensor([20, 14, 15, 16, 19, 18, 17, 21,  8,  9,  7,  5, 12, 22, 10, 13, 23, 11,
         6,  3,  1,  2,  4], dtype=torch.int32)
----------------------------------
[20  9  7  5 14 16 19 15 12 18 17 21 22 10 13  8 23 11  6  3  1  2  4]
----------------------------------
[[ 79.99998  55.9002   41.8    ]
 [ 90.       37.9001   35.8    ]
 [ 69.9999   78.9001   33.8    ]
 [ 90.       73.9001   33.8    ]
 [ 62.       55.9002   33.8    ]
 [ 37.0149   55.9002   33.8    ]
 [123.       55.9001   33.8    ]
 [ 98.       55.9      33.8    ]
 [ 70.0001   95.9001   33.7999 ]
 [ 79.99998  59.9001   31.8    ]
 [ 30.       55.9002   25.8    ]
 [140.       55.9001   25.8    ]
 [ 70.       32.9001   25.8    ]
 [ 70.       15.9001   25.8    ]
 [ 62.0999  112.7002   25.7999 ]
 [ 79.99999  51.9001   23.8    ]
 [ 20.       55.9001   17.8    ]
 [ 61.2       0.       17.8    ]
 [ 79.99999  55.9001   11.8    ]
 [ 30.       55.9002    9.8    ]
 [  0.       55.9002    9.8    ]
 [ 10.       55.9002    3.8    ]
 [ 30.       55.9002    0.     ]]