tensor([[20., 20., 10.],
        [20., 10., 42.],
        [20., 10., 34.],
        [20.,  0., 32.],
        [20., 40., 34.],
        [ 0., 20., 32.],
        [40., 20., 32.],
        [ 0., 10., 34.],
        [40., 10., 34.],
        [20., 30., 18.],
        [40., 10., 42.],
        [ 0., 10., 42.],
        [20., 10., 18.],
        [ 0., 10., 10.],
        [40., 10., 10.],
        [20., 10.,  0.],
        [40., 10.,  2.],
        [ 0., 10.,  2.],
        [10., 20., 50.],
        [40., 20., 50.]], dtype=torch.float64)
----------------------------------
tensor([19, 12,  2,  5,  3,  8,  6,  4, 20, 11,  9,  7, 13, 10,  1, 15, 14, 17,
        18, 17], dtype=torch.int32)
----------------------------------
[20 19 11  2 12  5  9  3  8  7  6  4 10 13  1 15 14 17 18 16]
----------------------------------
[[40.  20.  49.8]
 [10.  20.  49.8]
 [40.  10.  41.8]
 [20.  10.  41.8]
 [ 0.  10.  41.8]
 [20.  40.  33.8]
 [40.  10.  33.8]
 [20.  10.  33.8]
 [ 0.  10.  33.8]
 [40.  20.  31.8]
 [ 0.  20.  31.8]
 [20.   0.  31.8]
 [20.  30.  17.8]
 [20.  10.  17.8]
 [20.  20.   9.8]
 [40.  10.   9.8]
 [ 0.  10.   9.8]
 [40.  10.   1.8]
 [ 0.  10.   1.8]
 [20.  10.   0. ]]