tensor([[ 30., 120.,  82.],
        [ 60., 120.,  66.],
        [  0., 120.,  66.],
        [ 30., 140.,  80.],
        [ 30.,  90.,  82.],
        [ 30., 100.,  66.],
        [ 30., 126.,  62.],
        [  0., 130.,  48.],
        [ 60., 130.,  48.],
        [ 30., 128.,  52.],
        [ 20., 112.,  42.],
        [ 40., 112.,  42.],
        [ 18.,  88.,  42.],
        [ 42.,  88.,  42.],
        [ 30.,  72.,  52.],
        [ 30.,  74.,  42.],
        [ 20.,  70.,  26.],
        [ 40.,   0.,  16.],
        [ 40.,  10.,  18.],
        [ 40.,  40.,  26.],
        [  4.,  67.,  56.],
        [ 58.,  80.,  42.],
        [ 56.,  63.,  42.],
        [  2.,  81.,  47.],
        [ 30., 100.,  26.],
        [ 20., 100.,   8.],
        [ 40., 100.,   8.],
        [ 30.,  80.,  18.],
        [ 30.,  70.,  10.],
        [ 30.,  80.,   0.],
        [ 48.,  90.,  10.],
        [ 12.,  90.,  10.]], dtype=torch.float64)
----------------------------------
tensor([ 1,  5,  4,  2,  3,  6,  7, 10,  9,  8, 12, 11, 14, 13, 16, 15, 24, 21,
        23, 22, 25, 17, 20, 28, 19, 18, 32, 31, 29, 27, 26, 30],
       dtype=torch.int32)
----------------------------------
[ 1  5  4  2  3  6  7 21 15 10  9  8 24 12 11 14 13 22 16 23 25 17 20 28
 19 18 32 31 29 27 26 30]
----------------------------------
[[ 30.     120.0003  82.    ]
 [ 30.      90.0003  82.    ]
 [ 30.     140.0006  80.    ]
 [ 60.     120.0003  66.    ]
 [  0.     120.0003  66.    ]
 [ 30.     100.0003  66.    ]
 [ 30.     125.9996  62.    ]
 [  4.      66.6175  55.5   ]
 [ 30.      72.0002  52.0003]
 [ 30.     128.0003  51.9997]
 [ 60.     130.0003  48.2   ]
 [  0.     130.0003  48.2   ]
 [  2.      81.3403  46.9998]
 [ 40.     112.0003  42.    ]
 [ 20.     112.0003  42.    ]
 [ 42.      88.0003  42.    ]
 [ 18.      88.0003  42.    ]
 [ 58.      80.0006  42.    ]
 [ 30.      74.0003  42.    ]
 [ 56.      63.0003  42.    ]
 [ 30.     100.0003  26.    ]
 [ 20.      70.0003  26.    ]
 [ 40.      40.0003  26.    ]
 [ 30.      80.0003  18.    ]
 [ 40.      10.0003  18.    ]
 [ 40.       0.      16.    ]
 [ 12.      90.0004  10.    ]
 [ 47.9999  90.0002  10.    ]
 [ 30.      70.001   10.    ]
 [ 39.9999 100.0003   8.    ]
 [ 20.     100.0003   8.    ]
 [ 30.0001  80.0018   0.    ]]