tensor([[ 30.,  30., 110.],
        [ 30.,  60., 102.],
        [ 30.,  30., 102.],
        [ 10.,  50.,  94.],
        [ 50.,  50.,  94.],
        [ 30.,  20.,  94.],
        [ 30.,  50.,  86.],
        [ 20.,  10.,  92.],
        [ 40.,  10.,  92.],
        [ 30.,  20.,  80.],
        [ 30.,   0., 126.],
        [ 30.,   0., 142.],
        [  0.,  62., 118.],
        [ 60.,  62., 118.],
        [  0.,  60., 134.],
        [ 60.,  60., 134.],
        [ 30.,  84.,  76.],
        [ 30.,  84.,  58.],
        [ 30.,  80.,  54.],
        [ 30.,  70.,  14.],
        [ 30.,  60.,   0.],
        [  0.,  62.,  78.],
        [ 60.,  62.,  78.],
        [  0.,  60.,  60.],
        [ 60.,  60.,  60.],
        [  0.,  76., 108.],
        [ 60.,  76., 108.],
        [ 20., 100.,  58.],
        [ 40., 100.,  58.],
        [ 30., 102.,  78.],
        [  0.,  50., 142.],
        [ 60.,  50., 142.],
        [ 20.,  60.,  78.],
        [ 40.,  60.,  78.],
        [ 40.,  82.,  38.],
        [ 20.,  82.,  38.],
        [ 20.,  94.,  38.],
        [ 40.,  94.,  38.],
        [ 20.,  58.,  54.],
        [ 40.,  58.,  54.],
        [ 40.,  60.,  30.],
        [ 20.,  60.,  30.]], dtype=torch.float64)
----------------------------------
tensor([32, 16, 14,  2,  1, 13, 11, 15, 31, 12,  3,  6,  5,  4,  9,  8,  7, 10,
        34, 33, 23, 22, 17, 25, 24, 18, 40, 39, 19, 36, 35, 42, 41, 20, 21, 29,
        28, 30, 26, 27, 38, 37], dtype=torch.int32)
----------------------------------
32, 16, 14, 31 15 13 12  1 11  2

[ 27 26  3  5  4  6  9  8  7 10 30 23 22 34
 33 17 25 24 29 28 18 19 40 39 37 38 35 36 41 42 20 21]
----------------------------------
[[ 60.       50.      142.     ]
 [  0.       50.      142.     ]
 [ 30.        0.      142.     ]
 [ 60.       60.      134.     ]
 [  0.       60.      134.     ]
 [ 30.        0.      126.     ]
 [ 60.       62.      118.     ]
 [  0.       62.      118.     ]
 [ 30.       30.      110.     ]
 [ 60.       76.      108.     ]
 [  0.       76.      108.     ]
 [ 30.       60.      102.     ]
 [ 30.       30.      102.     ]
 [ 50.       50.       94.     ]
 [ 10.       50.       94.     ]
 [ 30.       20.       94.     ]
 [ 40.       10.       92.     ]
 [ 20.       10.       92.     ]
 [ 30.       50.       86.     ]
 [ 30.       20.       80.     ]
 [ 30.      101.8      78.     ]
 [ 60.       62.       78.     ]
 [  0.       62.       78.     ]
 [ 40.       60.       78.     ]
 [ 20.       60.       78.     ]
 [ 30.       84.       76.     ]
 [ 60.       60.       60.2    ]
 [  0.       60.       60.2    ]
 [ 40.      100.       58.     ]
 [ 20.      100.       58.     ]
 [ 30.       84.       58.     ]
 [ 30.       80.       54.     ]
 [ 40.       58.       54.     ]
 [ 20.       58.       54.     ]
 [ 20.       94.       38.     ]
 [ 40.       93.9999   38.     ]
 [ 40.       82.       38.     ]
 [ 20.       82.       38.     ]
 [ 40.       60.       30.     ]
 [ 20.       60.       30.     ]
 [ 29.99999  70.       14.     ]
 [ 30.       60.        0.     ]]