tensor([[34., 14., 40.],
        [24., 14., 56.],
        [44., 14., 56.],
        [44., 14., 32.],
        [24., 14., 32.],
        [24., 14., 16.],
        [ 8., 14., 16.],
        [32., 14.,  0.],
        [ 0., 14., 16.],
        [24., 28., 16.],
        [24.,  0., 16.]], dtype=torch.float64)
----------------------------------
tensor([ 3,  1,  2,  4,  5, 10,  6,  7,  9, 11,  8], dtype=torch.int32)
----------------------------------
[ 3  2  1  4  5 10  6  7  9 11  8]
----------------------------------
[[44. 14. 56.]
 [24. 14. 56.]
 [34. 14. 40.]
 [44. 14. 32.]
 [24. 14. 32.]
 [24. 28. 16.]
 [24. 14. 16.]
 [ 8. 14. 16.]
 [ 0. 14. 16.]
 [24.  0. 16.]
 [32. 14.  0.]]