tensor([[10.,  0., 10.],
        [10., 20., 26.],
        [10., 30., 18.],
        [10., 40., 50.],
        [10., 50., 36.],
        [10., 77., 34.],
        [10., 30., 34.],
        [10., 10., 34.],
        [10., 20.,  0.],
        [20., 10., 66.],
        [20., 10., 74.],
        [ 0., 10., 66.],
        [ 0., 10., 74.],
        [20., 70., 66.],
        [20., 70., 74.],
        [ 0., 70., 66.],
        [ 0., 70., 74.]], dtype=torch.float64)
----------------------------------
tensor([ 4, 17, 16, 14, 15, 10, 11, 12, 13,  5,  6,  7,  8,  2,  3,  1,  9],
       dtype=torch.int32)
----------------------------------
[15 17 11 13 14 16 10 12  4  5  6  7  8  2  3  1  9]
----------------------------------
[[20.     70.     74.    ]
 [ 0.     70.     74.    ]
 [20.     10.     74.    ]
 [ 0.     10.     74.    ]
 [20.     70.     66.    ]
 [ 0.     70.     66.    ]
 [20.     10.     66.    ]
 [ 0.     10.     66.    ]
 [10.     40.     50.    ]
 [10.     50.     36.    ]
 [10.     77.0149 34.    ]
 [10.     30.     34.    ]
 [10.     10.     34.    ]
 [10.     20.     26.    ]
 [10.     30.     18.    ]
 [10.      0.     10.    ]
 [10.     20.      0.    ]]